 -0.00000040903785671  0.00006738442942057  0.00042054691176053  0.00112356622624457
  0.00216354601860677  0.00355620657694116  0.00526851514919020  0.00729469092253898
  0.00960251036324512  0.01218450131090799  0.01502573345544054  0.01815664042492237
  0.02147175915415386  0.02486655422553508  0.02835325707439551  0.03206612553927386
  0.03592948312865708  0.03982923750311435  0.04405499268807390  0.04831570322285843
  0.05288590285435116  0.05742523413064112  0.06224608555181881  0.06715879917047793
  0.07213707946853849  0.07716168712955650  0.08225854123003007  0.08737820585384821
  0.09285245987042967  0.09823489728847964  0.10368665929004763  0.10925497141819109
  0.11485255342117454  0.12041135675630302  0.12616244513384287  0.13211180884067150
  0.13815463239064438  0.14418983760758208  0.15024886191005737  0.15660411384218978
  0.16297543477890264  0.16947151925247941  0.17580755832944955  0.18229866613112730
  0.18890238422593256  0.19560426755131863  0.20240232626167384  0.20927556848839041
  0.21619438941480765  0.22328124382963180  0.23083334489675236  0.23834034396942119
  0.24577052523190507  0.25318131609931965  0.26068703258633813  0.26856198967426159
  0.27653630865767870  0.28463544610451091  0.29273804853229579  0.30087840147630024
  0.30912320663101589  0.31733265695316087  0.32620094195852783  0.33533599172180206
  0.34450839898066871  0.35379993029533918  0.36323911909547402  0.37273674438193455
  0.38239016910285695  0.39244011803817919  0.40323612780352591  0.41427664658146274
  0.42535486053994659  0.43656318397864680  0.44774686504233835  0.45899273414460084
  0.47050212331548780  0.48287856651086009  0.49586398687767536  0.50885890655312160
  0.52209151066857307  0.53594606983489390  0.55047312764439948  0.56547873157623674
  0.58250473634040756  0.60162040665459537  0.62093046995727263  0.64096899817882236
  0.66185546297774167  0.68626196144122276  0.71433178305018086  0.74665934259446942
  0.78249742107976217  0.82836975334325103  0.89809816828266287  1.00000000000000000
 -0.00243143021231517  0.01066478918577438  0.02165627081569812  0.03274618426134360
  0.04350544269909017  0.05427820899330848  0.06569542651887184  0.07716382746963986
  0.08829397841815130  0.09838493536131829  0.10814489882164741  0.11780386738436507
  0.12779946535333433  0.13808866215707644  0.14900763330248648  0.16004607337477944
  0.17040135966088008  0.17987352297427606  0.18938579409529391  0.19913023721409936
  0.20925827397150018  0.21924067428551233  0.22903923055089179  0.23939843668924018
  0.25005272348458624  0.26115719397892795  0.27247840213918673  0.28341291626661680
  0.29410078855236721  0.30476637536322593  0.31550194752563893  0.32618344013927186
  0.33702762108726786  0.34766167367825468  0.35811504003940370  0.36847155563541062
  0.37942160567877092  0.39078917849517336  0.40166683057540831  0.41239615212304548
  0.42357399073564223  0.43534639942424380  0.44623546279039716  0.45682334380455958
  0.46697102407181351  0.47692463402150626  0.48671267040989225  0.49621377958068003
  0.50605207506513827  0.51590365133463267  0.52641791842699936  0.53726351862904764
  0.54802832027566017  0.55863513903584650  0.56963811850390766  0.58102111251933475
  0.59255228259417392  0.60342465175749593  0.61401898977243019  0.62491532150554341
  0.63687640436023463  0.64849793952631007  0.65956686550682264  0.67045989166398456
  0.68129808482820320  0.69112670054541714  0.70051892754574829  0.71006878734975243
  0.71958802590642768  0.72887418647991098  0.73776952131954865  0.74682564182300926
  0.75622411911151255  0.76610156005071872  0.77605750194314405  0.78585648047828327
  0.79531299229844066  0.80478767321293709  0.81458153007962675  0.82493268009423315
  0.83549182087492635  0.84631989471698799  0.85722038385588484  0.86828116755791274
  0.87916475169301034  0.88990631130518261  0.90036715014778523  0.91078668395830353
  0.92180892363439071  0.93320542403104767  0.94443815916832008  0.95550733239346719
  0.96700701011342072  0.97809981732788698  0.98934947980309984  1.00000000000000000
 -0.00261983559689879  0.00969616278481638  0.02047535270712900  0.03057921048635194
  0.04079614994095595  0.05178421826607789  0.06277458537198723  0.07397115784762298
  0.08469116861109352  0.09542129336266872  0.10634233900745663  0.11795149230921315
  0.12924657925872762  0.13968722671290565  0.14972438209691255  0.16035906913611511
  0.17054008470626456  0.18039423126662404  0.19040435190492433  0.20116806796701192
  0.21181982696462978  0.22252447381089371  0.23276518228696322  0.24313140546896753
  0.25363206079238881  0.26425426536543900  0.27463492276234902  0.28477083489718158
  0.29516621681769756  0.30525885846512901  0.31542972515279183  0.32592316965820606
  0.33665702205452380  0.34731338919948324  0.35793825626106524  0.36874307640635867
  0.37920186059516969  0.38942371627794542  0.39983773299643088  0.41055097246676608
  0.42157502613588649  0.43322886095520091  0.44529456985370802  0.45708133940942280
  0.46830644934821464  0.47911985347333741  0.48933552352020709  0.49990532665685683
  0.51071646434667206  0.52126707901706992  0.53132351793422994  0.54155144984340187
  0.55213049584703700  0.56251179395423279  0.57262298615593421  0.58280487433328176
  0.59322640920514014  0.60344583559249954  0.61334841118010430  0.62322860917523359
  0.63321568583112442  0.64327608261738578  0.65341919668685966  0.66360646137748613
  0.67351615801181353  0.68331306394561930  0.69304283640560549  0.70283065400464495
  0.71305723095637730  0.72329084081003858  0.73421413087785425  0.74562347217203739
  0.75701777807080162  0.76818006618000001  0.77891587827776276  0.78954539819908831
  0.80016095935506781  0.81025181968440696  0.82032018344206337  0.83015834275121891
  0.84028925996640313  0.85052119061869524  0.86079735293043358  0.87146012461524147
  0.88249133411208092  0.89330392078883070  0.90367318853719791  0.91410888962299708
  0.92444844815040339  0.93502176830993955  0.94597734137028378  0.95702873784135567
  0.96740554423921166  0.97779534704080140  0.98866145054628551  1.00000000000000000
 -0.00230450499549300  0.00927190428798174  0.01901154118659025  0.02957761385780919
  0.03994709618471527  0.05001032791483204  0.05981189080661653  0.07071265523629862
  0.08233378996710865  0.09305069616624216  0.10375277983940186  0.11417000310424349
  0.12415489041303764  0.13398749028805446  0.14417979928219743  0.15594821788385169
  0.16775742557778062  0.17884049507426270  0.18957816144351317  0.20003528072422821
  0.21016630404336370  0.22019066706936463  0.23016170629712651  0.24036488676190340
  0.25058310685757107  0.26038248866233038  0.27004328443804032  0.27964709543529603
  0.28917943428977450  0.29856503769305648  0.30777362496534200  0.31729195625533335
  0.32717778620490612  0.33768017792111427  0.34874565167167426  0.35993301903553870
  0.37153212202406466  0.38286830187284654  0.39403077430164796  0.40453846482529843
  0.41431248422882899  0.42339134587564980  0.43207556835025529  0.44119247228487368
  0.45074684237101170  0.46077085241444499  0.47107436649026979  0.48198871052351516
  0.49378154839503968  0.50531153044813615  0.51633247945144911  0.52679481516435811
  0.53680404269890636  0.54724228668886343  0.55797598000921200  0.56861984569204149
  0.57871855361886859  0.58897961335454896  0.59960380187535323  0.61023005101452865
  0.62084846937039473  0.63152808897953461  0.64228910425330255  0.65281745678350456
  0.66308805076729149  0.67323994688106792  0.68368986463525028  0.69495867440529335
  0.70669163753417852  0.71791549330571347  0.72844570243702200  0.73895961550866618
  0.74952322255351389  0.75984994385253246  0.77061866856846617  0.78173099467091733
  0.79278097920897816  0.80412616293968497  0.81573478804538502  0.82710743487256744
  0.83814046504304607  0.84850605689604741  0.85848518914748706  0.86824797690853983
  0.87890850594718928  0.89051154930779253  0.90218691697938769  0.91356940336307468
  0.92465180573237082  0.93552745235578261  0.94660694686627189  0.95766024015758477
  0.96828277935191576  0.97872822684524485  0.98926414842590471  1.00000000000000000
 -0.00182545051306166  0.00900078504634960  0.01771304647979907  0.02645985392988869
  0.03529748059168370  0.04436284749180661  0.05398027196544992  0.06413140506602610
  0.07515595546365311  0.08607887006579164  0.09674141735316093  0.10719252499779139
  0.11788865203226580  0.12847492662764673  0.13969433529626427  0.15082273024827642
  0.16151500115278702  0.17177104238863719  0.18192245344168106  0.19156586354544058
  0.20113769974147924  0.21051842561985698  0.22099963247532839  0.23117676527411676
  0.24181943683608115  0.25215660305829990  0.26231555155391689  0.27248160718416092
  0.28269961236209912  0.29291066986879827  0.30319419191598818  0.31364788703703389
  0.32428741730085708  0.33506639556636170  0.34620593054584653  0.35796371632479934
  0.37021174773832610  0.38244616680603510  0.39443526252220695  0.40589105098720835
  0.41707201912618364  0.42837104808057391  0.43949200498170798  0.45004169675558958
  0.46131259967675770  0.47397198314197803  0.48668478340164595  0.49819181005128960
  0.51276600043089515  0.52551951825473719  0.53711681561548408  0.54837164312598652
  0.55951315695922554  0.57053812032048612  0.58123346648995622  0.59171889367821151
  0.60218575914175465  0.61273867798006632  0.62318798841389855  0.63331267014142711
  0.64324203765240584  0.65289728774815681  0.66226717264027324  0.67154637510230775
  0.68086878153294861  0.69031953732571050  0.70017314524145258  0.71033221793279522
  0.72044168041378887  0.73019799973295574  0.74005831095128582  0.75029617557465000
  0.76065327157361162  0.77106800923211660  0.78108933681717696  0.79130946287255177
  0.80136016423030343  0.81140565106575568  0.82204456699362904  0.83252207247242749
  0.84295527596034647  0.85350161036326877  0.86409775856243232  0.87509627270706503
  0.88592551000806163  0.89663124548221940  0.90724453449698605  0.91777827196703043
  0.92793579291005912  0.93761064919466885  0.94793157862668964  0.95920784398814130
  0.97007930675490150  0.98024424562988521  0.99005750647642687  1.00000000000000000
   4.3187142239427679E-022  -1.0000000000000000     
 T F T F T F T F T F T F T F T F
