 -0.00202152522791984  0.00931395126072130  0.01927529888596496  0.02948362184627848
  0.03983050888759118  0.05014772814085817  0.06049260238282024  0.07064589879350236
  0.08112198216763215  0.09192376237170544  0.10262695135985352  0.11316938772708346
  0.12374230247966610  0.13443430572934806  0.14492756457086350  0.15521445491610170
  0.16547624126981361  0.17583396673357812  0.18615818007999246  0.19671767754930244
  0.20732259681410983  0.21824715813383672  0.22910672370828677  0.24009684619963104
  0.25103958400307941  0.26158468841073645  0.27235821107124070  0.28309987538529319
  0.29384716278502476  0.30435762966018537  0.31483332984226031  0.32549480063385916
  0.33621217122535924  0.34687828187896852  0.35742871664932391  0.36787146528632575
  0.37852823340339875  0.38939650595370268  0.40020277755453121  0.41091577289607900
  0.42154484370277562  0.43211491262217600  0.44247236374577892  0.45289340901241043
  0.46333929532113460  0.47394274528024016  0.48444432254494391  0.49506713307965544
  0.50566579703819114  0.51633781734914430  0.52719036269342034  0.53804495661852536
  0.54894358556335687  0.55986087004110197  0.57098497968022022  0.58203369309460473
  0.59274730726535896  0.60327391880549475  0.61360584135401541  0.62387785173719978
  0.63405829467622832  0.64431576164591053  0.65536214939205872  0.66663615880611637
  0.67771068058534178  0.68852631459896907  0.69924714556505763  0.70981219563977882
  0.72017496826827032  0.73049694467518855  0.74083862604963779  0.75122330313366481
  0.76168531733403932  0.77206410326268604  0.78246455834875250  0.79296225036591417
  0.80359400724421282  0.81398615603934310  0.82415863401296374  0.83443877785680720
  0.84475614139047861  0.85516531540034513  0.86522185886568148  0.87544624435519180
  0.88557635339398466  0.89602160840912659  0.90653764388696845  0.91713991951712037
  0.92778306588348325  0.93833741167171225  0.94853388634129354  0.95889709592935179
  0.96922827872462414  0.97973641408502288  0.98976157125687136  1.00000000000000000
 -0.00236626948516169  0.01089351505947233  0.02174317698279064  0.03251904267195666
  0.04317467107051669  0.05396283582995190  0.06475869013817707  0.07554998201885184
  0.08631372482817884  0.09694238156803785  0.10749725887819536  0.11794572661701863
  0.12847599480746102  0.13908403008788991  0.14969550821275310  0.16021427327742227
  0.17077535502015154  0.18136799098634721  0.19194751340583249  0.20228465226873041
  0.21238423221923025  0.22224533998880547  0.23221615434436502  0.24224982099250350
  0.25251735417393589  0.26285962500692361  0.27350677991572464  0.28443226295134183
  0.29535078719939839  0.30632416826998837  0.31696658230423497  0.32756030609528014
  0.33827281961669925  0.34898978943812931  0.35972731750972786  0.37027137333666610
  0.38108541802016910  0.39204290509784057  0.40298620960952924  0.41387206863619497
  0.42452767750658849  0.43504797194365968  0.44570190561115419  0.45636301047510131
  0.46687491710231566  0.47735822009508982  0.48794485224098477  0.49853323273926653
  0.50899027810085395  0.51924181636032696  0.52931896337417184  0.53934042006301142
  0.54948765606793937  0.55978216626339561  0.56997969145109717  0.58018862606639499
  0.59053730966072016  0.60094886325745978  0.61122307239754659  0.62136866156917814
  0.63159726244563075  0.64197143927128164  0.65226853343092528  0.66254512269773180
  0.67304630695075873  0.68373984557182688  0.69432907717609504  0.70499991949116636
  0.71588689192359423  0.72692524839872819  0.73777943298528781  0.74844490727839963
  0.75917909036866482  0.76985593874451619  0.78046088838155969  0.79105823138985853
  0.80156976269174840  0.81214070707017361  0.82260528614595008  0.83295709291295184
  0.84326695400342178  0.85363915538751478  0.86421709208489805  0.87492427592470312
  0.88534374231567348  0.89577485693965764  0.90621667413942386  0.91672280793052097
  0.92735085080721258  0.93775612107662332  0.94862022752846475  0.95933910169905079
  0.96962138226764594  0.97980648577003171  0.98989713182027872  1.00000000000000000
  0.00947072868231818  0.01568233121533121  0.02522679325611584  0.03628808905018755
  0.04688033891207817  0.05768400690091224  0.06841360453995600  0.07918538086186214
  0.08983013992760566  0.10036315219462304  0.11067299883262532  0.12094134533425602
  0.13139136052800743  0.14196265894917751  0.15240679444023691  0.16291917124142272
  0.17321423333171376  0.18353366105855329  0.19385130712989870  0.20434560995110995
  0.21474043112219834  0.22521025864956110  0.23560106241681406  0.24596460676650272
  0.25635974019975649  0.26699187522023410  0.27762344216278595  0.28810198721502717
  0.29849537355514777  0.30900177568471460  0.31944771842315534  0.32980769163090490
  0.34000677775205379  0.35011519224244714  0.36026187187691250  0.37041571783827132
  0.38052571556875264  0.39063095489577115  0.40090351168251481  0.41124855552043027
  0.42149165005351652  0.43171144908175652  0.44210323659495016  0.45255163339559984
  0.46290448485703245  0.47312771515687874  0.48329790552940666  0.49350413076417832
  0.50372393961766027  0.51400553556888395  0.52416720817949336  0.53429647524601431
  0.54444918202917614  0.55467912600451996  0.56487717587681452  0.57503730825382704
  0.58528632076709275  0.59559478803175037  0.60586449122908892  0.61604472898794194
  0.62630834275727509  0.63672584480553296  0.64724725639165315  0.65772602340525810
  0.66817798244093252  0.67867852643589421  0.68933244054576837  0.70009756291034198
  0.71064943128645319  0.72103143838437989  0.73142106080676506  0.74189160830214695
  0.75227360909065499  0.76249323820638604  0.77272127122212608  0.78288024358323938
  0.79289802198626591  0.80270210327663016  0.81245924315635709  0.82235152058347261
  0.83234737387610469  0.84245708884099402  0.85258706530594308  0.86267810183866100
  0.87291363524324939  0.88341314299772589  0.89424000204560639  0.90510878053022559
  0.91601902201707475  0.92705090443824278  0.93798792550498056  0.94862602116308159
  0.95936259520097833  0.96995010444384666  0.98037565468420995  1.00000000000000000
 -0.01807001510876531  0.10126902953219337  0.13463999119671660  0.15594284399248654
  0.17363279628141959  0.18897624993669762  0.20283522999376941  0.21551267456937759
  0.22725843852853142  0.23826975993930713  0.24869602118633991  0.25859763713755457
  0.26803956895391973  0.27706868784454308  0.28577588224099348  0.29420015827926860
  0.30228324311069921  0.31016540590957747  0.31778801939156154  0.32521892558915660
  0.33253056148283500  0.33964803097607288  0.34664491640324813  0.35350514910968395
  0.36018688397531429  0.36675615744354462  0.37325159286675885  0.37965219581320520
  0.38597489234422161  0.39225188656733984  0.39845881188874299  0.40457645935704273
  0.41065069726993619  0.41665497727201323  0.42255298338708869  0.42841863721374629
  0.43428168407133261  0.44014115953714994  0.44594586764934074  0.45173008166669487
  0.45747988527936984  0.46320133060563534  0.46890620844101855  0.47460029107622331
  0.48029391829778695  0.48597661231911754  0.49163072107261346  0.49726577008924977
  0.50288634435978152  0.50854197600923301  0.51421063446044979  0.51988174823385735
  0.52555140973071068  0.53121371143207685  0.53687984529775301  0.54257572352658734
  0.54831406689029094  0.55407461060314678  0.55983780398526650  0.56564272885827793
  0.57150058911484558  0.57739906977367761  0.58334136289504201  0.58936296475385430
  0.59542141282315098  0.60152590855197385  0.60773802842918090  0.61401643766028369
  0.62033772541287102  0.62674138584273853  0.63326746727246230  0.63990858164013320
  0.64666105256873918  0.65354423369574077  0.66052223448790182  0.66762371390981967
  0.67498704086901939  0.68244888659956604  0.69011221388717181  0.69803488624163623
  0.70616857830513791  0.71465224722468068  0.72341245349334082  0.73248901439811032
  0.74198065050932027  0.75188470154445430  0.76233820268073582  0.77339432135866071
  0.78521812571987348  0.79793867841176613  0.81186793645949651  0.82741109537338275
  0.84544054842317262  0.86714092905701490  0.90116792193840289  1.00000000000000000
   2.6646164712006957E-014  -1.0000000000000000     
 F F F F F F F F
  <DiscreteSampler_grid>
  grouped_processes
  1 # 1 for a reference and 2 for a running grid.
  10 # Attribute 'min_bin_probing_points' of the grid.
  1 # Attribute 'grid_mode' of the grid. 1=='default',2=='initialization'
  0.0000000000000000 # Attribute 'small_contrib_threshold' of the grid.
  0.5000000000000000 # Attribute 'damping_power' of the grid.
 # binID   n_entries weight   weight_sqr   abs_weight
    10   10   1.885879004188332E+000   4.997443286771331E+000   1.885879004188332E+000
    11   10   1.885879004188332E+000   4.997443286771331E+000   1.885879004188332E+000
  </DiscreteSampler_grid>
