 -0.00240906459120990  0.00919900820622418  0.01900048595863933  0.02948197884087145
  0.03989040298052429  0.05025953910684568  0.06049727655418687  0.07079716117048987
  0.08134798396918781  0.09187403870251573  0.10250197736515557  0.11303205621453816
  0.12341509886828242  0.13357963806592821  0.14375730600962766  0.15422322325019225
  0.16475742176453198  0.17562562001286885  0.18650956080674655  0.19739015354142822
  0.20828840314539027  0.21925996209411802  0.22996628307972447  0.24059611620986354
  0.25119110899931385  0.26163599831508499  0.27216736354852428  0.28285448434227717
  0.29358265313349496  0.30409639560112944  0.31464813830193583  0.32548188659403687
  0.33625275551060313  0.34692954473467413  0.35775097865882349  0.36878246421035510
  0.37981451115889248  0.39077782327498639  0.40164252185293331  0.41231517934622031
  0.42281294686741572  0.43325608028857993  0.44368180893992437  0.45400057806426658
  0.46432719586295779  0.47452961631760276  0.48496080663212060  0.49557644057794131
  0.50618660564379003  0.51671954200216852  0.52699304886016907  0.53732293547199639
  0.54763432119718392  0.55798513059592303  0.56824213120434941  0.57853229718112331
  0.58922616156729224  0.60010713893843715  0.61087127562646049  0.62139718847975722
  0.63188315459741184  0.64225790136243288  0.65269228631789622  0.66319393082135891
  0.67384465254961345  0.68431886846550538  0.69478564385853347  0.70546753844550625
  0.71622553024826752  0.72690707442806546  0.73754819803607519  0.74808528270114727
  0.75871040463084249  0.76940678181907152  0.78008517148535805  0.79066536810424204
  0.80114798538983234  0.81175067263008849  0.82221985434730460  0.83267498655060612
  0.84324778895813679  0.85381000245788996  0.86407934684735144  0.87416746401986711
  0.88436352233470383  0.89486927575072805  0.90511659178299952  0.91562130989920942
  0.92601913203578667  0.93645880056540587  0.94683349288709595  0.95731231342806278
  0.96801681989356270  0.97865545813239108  0.98932446280405650  1.00000000000000000
 -0.00239906006241158  0.00951858977736388  0.01975482013080725  0.03024822922105723
  0.04069186111232043  0.05122762849869246  0.06172195384181545  0.07211783215673088
  0.08258283741931474  0.09321724558007770  0.10389335263534318  0.11440840572450614
  0.12494069070459715  0.13547080352379479  0.14594874874457792  0.15635159684621883
  0.16664270007145829  0.17686478522787707  0.18734111449825397  0.19827904580321923
  0.20949540327506430  0.22056904353002907  0.23146187338033933  0.24221828412002033
  0.25278473462921697  0.26354305241055842  0.27438012349223667  0.28535111953842518
  0.29617507064424575  0.30701833152607066  0.31788534687612086  0.32876451465216860
  0.33967268484306634  0.35036786247329921  0.36099245400112512  0.37144388935791001
  0.38179184301853292  0.39217874930486962  0.40264461362841109  0.41296623926554832
  0.42306144301364523  0.43320694848764507  0.44364688784798112  0.45415027307763262
  0.46458722474557157  0.47481906594316153  0.48537290607965689  0.49591860766156209
  0.50664279729194384  0.51724954464229622  0.52815071659594071  0.53899611040580264
  0.54965875341610748  0.56038859295692656  0.57099705895678110  0.58152879372591171
  0.59163625328741143  0.60173466597055514  0.61184523693358073  0.62208347306120337
  0.63249417841502542  0.64293626179643348  0.65356735279656530  0.66404267074282497
  0.67490613869266225  0.68580242133932789  0.69649223849179664  0.70717350981643856
  0.71769932174926732  0.72832400045522616  0.73858046306453640  0.74896072382358048
  0.75933899095202118  0.76987777298535554  0.78027999738901899  0.79073002609735255
  0.80116145427843444  0.81163141679284767  0.82221665654051868  0.83308830923262578
  0.84390372961920701  0.85456062521262433  0.86480513102793644  0.87495882069345965
  0.88527560871054989  0.89550431691122623  0.90612832968652390  0.91651823247448816
  0.92674779833766363  0.93710758074563094  0.94764104441864216  0.95836261876328632
  0.96890433932842723  0.97923589384247445  0.98967329902280288  1.00000000000000000
  0.00960388435283620  0.01534298428013574  0.02442789761889275  0.03491456873934365
  0.04523277313712587  0.05573206399319019  0.06631335759981494  0.07699822782514108
  0.08771921978372624  0.09836616670843475  0.10868286203509589  0.11882174919415026
  0.12898445056498356  0.13952076633330154  0.14997512318636741  0.16054043239493870
  0.17092912166175001  0.18115737679952176  0.19133964383918131  0.20160915487704836
  0.21211318906581947  0.22272360693202645  0.23321587402667734  0.24362841100473126
  0.25389523338667197  0.26392869766020816  0.27422187105606377  0.28451911123038065
  0.29478904324640126  0.30520290448854864  0.31568323951501293  0.32638138730027816
  0.33706502936782345  0.34775527628936848  0.35835046540091392  0.36869145972771178
  0.37915194185839424  0.38979354042728087  0.40039386254876969  0.41084955278168783
  0.42132226044271431  0.43203081987803460  0.44262229820518473  0.45325700966988586
  0.46393593762574187  0.47476211378468081  0.48555361087886634  0.49638623625414002
  0.50703466636663475  0.51757295967116401  0.52798837572970858  0.53860848017025831
  0.54930747044515593  0.55995899609653310  0.57053516953788319  0.58106763110761772
  0.59179577764296376  0.60276326077248177  0.61375419457085922  0.62488867996695419
  0.63599825710548341  0.64691683737303163  0.65765272267201724  0.66828604751836229
  0.67871837741494245  0.68905592862307785  0.69956486311586341  0.71038048394839504
  0.72133814880355140  0.73232557921765717  0.74314364035597669  0.75381490997035927
  0.76436232002790372  0.77481706113242377  0.78512898965286915  0.79554916186371250
  0.80603023236027993  0.81640657727080368  0.82645003044236010  0.83650962365931636
  0.84664863019466441  0.85681255637443454  0.86709496536054820  0.87747194185564048
  0.88791133099661090  0.89819372953568788  0.90854661924710012  0.91893577656698400
  0.92939322110959188  0.93970028142354811  0.95006124751755194  0.96032900565861623
  0.97058605813256071  0.98091478007960076  0.99132678965293985  1.00000000000000000
 -0.01704318216705473  0.09508577209142435  0.12911637653569005  0.15082769503673432
  0.16886531500453297  0.18431076941827065  0.19814995428047166  0.21081054934211679
  0.22258278363807574  0.23364501002487298  0.24410573525041326  0.25403795547226782
  0.26345258882468758  0.27248812851697007  0.28113382501184009  0.28959300411062028
  0.29779841031331822  0.30577302555104247  0.31356963351164818  0.32108367703373886
  0.32848472809726958  0.33570383071477128  0.34277319113945404  0.34975223752771051
  0.35660587155250539  0.36334426799072933  0.37000471810552077  0.37658362676538382
  0.38307631715499146  0.38950296021970687  0.39587195179599571  0.40214423065680988
  0.40832755291688533  0.41449172255236622  0.42055947944214805  0.42660127107280615
  0.43263946202545617  0.43864056331856388  0.44458204898586479  0.45049131810181070
  0.45637789304695453  0.46225348683580053  0.46810502168417611  0.47391601191512772
  0.47971105627583321  0.48550007958555702  0.49130665050535161  0.49711728206152223
  0.50294183165401474  0.50874982560263482  0.51456059248514119  0.52036815711630635
  0.52619088160263050  0.53203371559801371  0.53789937602944093  0.54378847539934050
  0.54970791603975944  0.55564846580202865  0.56159707997991992  0.56759706662437426
  0.57360585208228343  0.57964688729300895  0.58573869998016381  0.59190375256241212
  0.59811157022450800  0.60436749343862495  0.61071494512719771  0.61711299988386126
  0.62357542318235692  0.63012731536305666  0.63676368263243044  0.64348835191048259
  0.65034551561187381  0.65733650946822808  0.66441634688443607  0.67163462416091391
  0.67902854767492271  0.68655183633931527  0.69432778952072027  0.70229798912278785
  0.71047521590253326  0.71892695184323918  0.72758375026612976  0.73667540238572338
  0.74616665012681116  0.75611944807784348  0.76652216727046607  0.77751906987798391
  0.78922865362176675  0.80181518002764696  0.81559607521518507  0.83099616166375634
  0.84891364712810968  0.87058123575584079  0.90491937869218431  1.00000000000000000
   1.3004315662166776E-012  -1.0000000000000000     
 F F F F F F F F
  <DiscreteSampler_grid>
  grouped_processes
  1 # 1 for a reference and 2 for a running grid.
  10 # Attribute 'min_bin_probing_points' of the grid.
  1 # Attribute 'grid_mode' of the grid. 1=='default',2=='initialization'
  0.0000000000000000 # Attribute 'small_contrib_threshold' of the grid.
  0.5000000000000000 # Attribute 'damping_power' of the grid.
 # binID   n_entries weight   weight_sqr   abs_weight
    10   10   3.500920758044114E-001   1.787736933522774E-001   3.500920758044114E-001
  </DiscreteSampler_grid>
