 -0.01694190911502951  0.11386403216520498  0.16802482723353945  0.20739850123867612
  0.24049748499936752  0.26824377034747321  0.29306288956613769  0.31555406318560963
  0.33625177714245491  0.35539627223828929  0.37349329865358732  0.39062977980050051
  0.40653387778068795  0.42169800400139379  0.43653870817260076  0.45046973094714671
  0.46368698955229098  0.47656884338452565  0.48910659017976410  0.50114571795469787
  0.51259038688516168  0.52352521399507912  0.53409736085794557  0.54455309999082668
  0.55474817956320266  0.56479204591014376  0.57471145382438760  0.58458620344058698
  0.59442877029314534  0.60402386943115371  0.61343375285472190  0.62267469074199411
  0.63162410771189947  0.64020093932661548  0.64841286776546059  0.65637748434065479
  0.66424662842891802  0.67205264113751151  0.67981360139031910  0.68754683711963738
  0.69514871936019396  0.70257896912986617  0.70979433123399960  0.71681901266760228
  0.72374213064712256  0.73066073720420277  0.73748074526468999  0.74430707073897495
  0.75101113001022712  0.75750357301514226  0.76388929482006851  0.77019519084111265
  0.77638558046771389  0.78250561204695213  0.78854550736593443  0.79453809237298501
  0.80059572210349417  0.80663314429199384  0.81263893884996685  0.81860246212779730
  0.82448875494340068  0.83032724322061457  0.83612266216458031  0.84178467292249715
  0.84748983138605016  0.85319218543503172  0.85879600707559378  0.86434341047145813
  0.86978759490254021  0.87518620284746884  0.88038725779024640  0.88555239346913839
  0.89071786871514769  0.89583873280619597  0.90092329186936471  0.90594598537333182
  0.91093478604416755  0.91588007491140200  0.92071988117192605  0.92560203714162959
  0.93045823569088348  0.93526435899020222  0.94005977279919217  0.94481417111682953
  0.94954271505056531  0.95429962769454724  0.95901782646552469  0.96368028558255725
  0.96828025464561429  0.97284767134567007  0.97739161697798171  0.98192537655366652
  0.98644865655544434  0.99095968659637801  0.99547211972489746  1.00000000000000000
 -0.00229625430280388  0.00897247155361647  0.01863565427219309  0.02935512446763345
  0.04036044319882218  0.05082695174297462  0.06103768271254671  0.07117611249308085
  0.08140299541951332  0.09143640601668047  0.10181385918211873  0.11182215309490783
  0.12203681750349984  0.13209511586267755  0.14214734521010780  0.15215093310909830
  0.16212644269808149  0.17250287024282351  0.18343149563945146  0.19411236908876756
  0.20472943082219469  0.21514525563646072  0.22592726071731892  0.23685602018473381
  0.24795942762130280  0.25939270122100855  0.27066164518814489  0.28184964222099640
  0.29299278857902428  0.30387993473890773  0.31485754345140948  0.32552603444022143
  0.33632849739202964  0.34689419263988963  0.35732832581756052  0.36774767285110399
  0.37812470109225432  0.38832639185059920  0.39852730271427400  0.40909999588678542
  0.41993839521390708  0.43076643952328775  0.44171571646604474  0.45300423288672736
  0.46399488647977361  0.47416659587770116  0.48424152040731422  0.49434928225630570
  0.50461424550340384  0.51438519429778851  0.52403809371670118  0.53400052919952490
  0.54412082930161421  0.55493713061134142  0.56544564471113801  0.57579151985998522
  0.58639247145836038  0.59714973420503115  0.60777865455201685  0.61788208772692277
  0.62831792511524076  0.63909027031977284  0.64965619382017226  0.65989845255164803
  0.67059501171235336  0.68158779357301602  0.69254876372347263  0.70330163410279767
  0.71380435405261677  0.72424165690591269  0.73452039485965626  0.74478720704536028
  0.75521344021978187  0.76554074571273922  0.77590121736983775  0.78632408176555135
  0.79693699797864093  0.80812085133465894  0.81895091674155107  0.82946777437376262
  0.83995297018477322  0.85065547605512593  0.86127995637144383  0.87181915931065590
  0.88275896724030123  0.89373112854576708  0.90422164531839888  0.91434621491398371
  0.92469264181027222  0.93508942476728862  0.94572338518542653  0.95642855496415913
  0.96774118836998557  0.97852949785111887  0.98930898638056308  1.00000000000000000
  0.00361820673777747  0.01009923611812538  0.01887226736841616  0.02814492412296060
  0.03748464098868902  0.04751962047231663  0.05765461048369329  0.06764379196992364
  0.07762796213153397  0.08781444314503925  0.09834744888099664  0.10880877286133689
  0.11945682895622414  0.12992337479796315  0.13986891103329888  0.14967426809517473
  0.15952505673019637  0.16973270543688296  0.18016195798819687  0.19077519707701660
  0.20188265289355656  0.21287582236802857  0.22359679152909015  0.23400357087149606
  0.24428761284367356  0.25431124966166230  0.26450205137867838  0.27489553410201018
  0.28533731597923900  0.29537710827673691  0.30518146462219331  0.31534478046783265
  0.32583495627801079  0.33597945779713523  0.34600838522753347  0.35624217304353889
  0.36701218503293626  0.37775115159889905  0.38841713144437640  0.39920404108096957
  0.41040699937251557  0.42122765837697101  0.43165557279722866  0.44206987213865068
  0.45242602213306776  0.46263025074898473  0.47284085777646834  0.48370666241729349
  0.49508019106385698  0.50624966644841007  0.51707247622041486  0.52786622134139138
  0.53862007929196687  0.54879271203081303  0.55899647304058986  0.56939777033797490
  0.58003561181959029  0.59041856601655507  0.60076854394822521  0.61132865408119896
  0.62199219877977663  0.63254271307326204  0.64283077183971560  0.65312080163265285
  0.66329615132871633  0.67349494621276917  0.68374206078699806  0.69379059366937301
  0.70396349580790463  0.71414522102590783  0.72479012139509480  0.73561478286832549
  0.74685930519139176  0.75783295325382138  0.76879356417558387  0.77954018268923742
  0.79042017842902701  0.80150931239445022  0.81246469332489657  0.82355089102710788
  0.83478368553018978  0.84605946817031752  0.85692355431852085  0.86719727674254454
  0.87745082712079914  0.88784436845061676  0.89823164896935603  0.90861226839749121
  0.91907478208930826  0.93006397374132410  0.94123789664973756  0.95279044969968130
  0.96417640822832784  0.97589972294546290  0.98769025672367505  1.00000000000000000
 -0.01826927974571267  0.11140521630461597  0.15282081200487996  0.18011599012246321
  0.20276039210747313  0.22256783230408184  0.24062664185206148  0.25699255524240805
  0.27168278985817068  0.28584927519020964  0.29958162786245768  0.31293856532402620
  0.32620470010481761  0.33901475387487551  0.35127646927218520  0.36339088045007933
  0.37543816516963702  0.38730702094609754  0.39902026707978810  0.41040148087253564
  0.42119344839887135  0.43153892413921080  0.44188215425236999  0.45204889816417576
  0.46201186538131744  0.47222977691432727  0.48249849189825689  0.49320046663509776
  0.50337010351205280  0.51323859161693453  0.52287473206353496  0.53216973086948216
  0.54156855767295420  0.55058201197840151  0.55947625583961225  0.56811385491383237
  0.57664971616964267  0.58496078341338709  0.59311433387766266  0.60134376192066352
  0.60951500936115333  0.61753991753205062  0.62541049214312860  0.63314532718835770
  0.64068623387142376  0.64804025527568920  0.65520025993646502  0.66232240700361689
  0.66930974090918194  0.67618753767979611  0.68300647290834582  0.68972359256371918
  0.69633657090467582  0.70286946075421941  0.70931703570250404  0.71565813906938014
  0.72185104079843199  0.72802985574644941  0.73410956699948882  0.74016156615022988
  0.74608967605039356  0.75190714573805528  0.75766786739442094  0.76338028876593900
  0.76902344498585895  0.77444824843813354  0.77965146818564013  0.78498274189909190
  0.79022005591449296  0.79531362485163837  0.80027601608032950  0.80516908295909051
  0.81000317913236053  0.81498270075458246  0.81998084324669784  0.82497034797883151
  0.82995963710219833  0.83498305764656489  0.84007501492636261  0.84525840909384398
  0.85060622702618560  0.85612929943733829  0.86171634316182155  0.86732433244160589
  0.87291219238108819  0.87858344577852099  0.88437686597473053  0.89031899815994509
  0.89665476993453308  0.90359080023112004  0.91108468143728139  0.91942034801184314
  0.92922885724326987  0.94115922872509250  0.95944037798415271  1.00000000000000000
   1.9981822294555239E-005  -1.0000000000000000     
 F F F F F F F F F F F F F F F F F F F F F F F F F F F F F F F F
  <DiscreteSampler_grid>
  grouped_processes
  1 # 1 for a reference and 2 for a running grid.
  10 # Attribute 'min_bin_probing_points' of the grid.
  1 # Attribute 'grid_mode' of the grid. 1=='default',2=='initialization'
  0.0000000000000000 # Attribute 'small_contrib_threshold' of the grid.
  0.5000000000000000 # Attribute 'damping_power' of the grid.
 # binID   n_entries weight   weight_sqr   abs_weight
    10   10   1.296296425090152E+005   3.445763412681006E+010   1.296296425090152E+005
    11   10   1.296296425090152E+005   3.445763412681006E+010   1.296296425090152E+005
  </DiscreteSampler_grid>
