 -0.00243368807870758  0.00955801154352436  0.01973641815375797  0.03026361882865070
  0.04081668529378119  0.05136632509422537  0.06191874063905455  0.07246969964664911
  0.08301991839250286  0.09356299815656402  0.10410590324988564  0.11464981407238295
  0.12519693845392774  0.13574448085315366  0.14629151754741249  0.15684123953617282
  0.16739209508901953  0.17794456007036391  0.18849592600225137  0.19905049377951747
  0.20960181873985878  0.22015203341382625  0.23068386385678741  0.24120686360224361
  0.25172966580366829  0.26226765731120688  0.27281710600654763  0.28336262342235757
  0.29390898899745266  0.30443405721066885  0.31497031135354292  0.32548117408785981
  0.33601155236869873  0.34653763011815736  0.35708913214908095  0.36763377420727839
  0.37817784574664781  0.38871798122935913  0.39926597243793338  0.40981489236849727
  0.42036372139721145  0.43091104401588720  0.44145825040257741  0.45200804308197545
  0.46255866616660041  0.47310299466356054  0.48364733388341480  0.49419280212459060
  0.50474600577067774  0.51529919343550012  0.52585050671191247  0.53639992608138964
  0.54694644869992581  0.55749582663612729  0.56802977681017730  0.57855105116940553
  0.58907355693492824  0.59961029736300542  0.61016283446492747  0.62070826078503316
  0.63125023100963118  0.64179223072200897  0.65233853736161374  0.66288909717831090
  0.67343931254064071  0.68398949482609062  0.69453526001659738  0.70508043079142557
  0.71560239721555186  0.72612899499491479  0.73665682369390362  0.74720773201059953
  0.75775594150706171  0.76829189490576566  0.77883074913384431  0.78937168888706122
  0.79992397342688493  0.81046840694267896  0.82101208876851672  0.83155589783221928
  0.84210049873596848  0.85264817116230607  0.86319571589319921  0.87374752469785522
  0.88429695266789443  0.89484752699218173  0.90539861877096672  0.91594663569304635
  0.92649331276878033  0.93704360639119855  0.94757480904744218  0.95812606546958023
  0.96859592085779889  0.97908061103724953  0.98953432236218453  1.00000000000000000
 -0.00191143901122477  0.00966215538343645  0.01983879186900112  0.03036683748955717
  0.04089492508700137  0.05142333857313690  0.06196059681338552  0.07251087713178402
  0.08305918195801842  0.09358131518498611  0.10410758300312307  0.11463526797708228
  0.12518922551388206  0.13574073265306155  0.14628752854891164  0.15682973475161538
  0.16736867241896916  0.17789869311784576  0.18842876849557413  0.19896607527996304
  0.20951756266996857  0.22006387720556664  0.23059907566973831  0.24113408919545271
  0.25167874448199434  0.26222878014117368  0.27277379788031825  0.28331930520044585
  0.29387237322653542  0.30441388867269642  0.31495601076022983  0.32549547576867494
  0.33604490462891728  0.34658809178787880  0.35713047706659290  0.36767404437042772
  0.37821686136882376  0.38876023855157743  0.39930900284610232  0.40986394677185967
  0.42041954198814069  0.43096966634233125  0.44150769261211614  0.45204477612377381
  0.46258349372293101  0.47312593544498688  0.48366907315083213  0.49421579753458650
  0.50476638756854930  0.51531123957165237  0.52585631979721159  0.53640734551341318
  0.54695570636711943  0.55747960920596229  0.56800375637008849  0.57851399816087967
  0.58902503339398649  0.59953484272206770  0.61006713441735771  0.62062326798291201
  0.63117912767745810  0.64173534611339933  0.65229115075277511  0.66284567457413379
  0.67339896774023622  0.68395305874613910  0.69450347975503290  0.70505618888947597
  0.71560929512357407  0.72616998686115619  0.73671360384909823  0.74725352333835493
  0.75777644055769811  0.76831510168843264  0.77885654350992439  0.78941211553785429
  0.79996250687426129  0.81051340731538324  0.82106392017007335  0.83161873037929113
  0.84217241897412598  0.85272582606677494  0.86328134583193927  0.87382539215055999
  0.88437110114239070  0.89491512157398356  0.90547023490848444  0.91601014142021508
  0.92655148773330476  0.93709540076946796  0.94763490585305221  0.95819732015418169
  0.96863569481656842  0.97912766705808063  0.98955729079996690  1.00000000000000000
   9.1429687239188738E-019  -1.0000000000000000     
 F T T F
