 -0.01684170433184796  0.11372382710013738  0.16834247054507342  0.20696171045804668
  0.23904113013657322  0.26672775952281841  0.29141953186625275  0.31372102146284897
  0.33441886792878334  0.35312010956879508  0.37079019399629592  0.38758054337023479
  0.40345077428851583  0.41880325973085025  0.43360531502176158  0.44772330320694409
  0.46097849914457562  0.47357323791810119  0.48568250156215376  0.49752660423916661
  0.50914580372905283  0.52042142630521837  0.53137930748466733  0.54208469954090321
  0.55238979594244830  0.56228352707763229  0.57181836722541146  0.58114092555618468
  0.59025263819372120  0.59919297573455621  0.60809947019346833  0.61704243367250611
  0.62599087015532384  0.63469053085033678  0.64319775297609483  0.65144692554794270
  0.65958956152469639  0.66768662192071471  0.67574750921873772  0.68371420616963308
  0.69145981295123826  0.69897670415869484  0.70633971889069513  0.71357092670479794
  0.72071731346269619  0.72785168911149134  0.73495971138383542  0.74199157571308394
  0.74891555516653996  0.75571744600301616  0.76238183012158178  0.76906613862835027
  0.77570277401696153  0.78223193200867547  0.78874156633534420  0.79501264888080125
  0.80121934250041982  0.80742796242300818  0.81360257225019339  0.81968248824727363
  0.82565127189465737  0.83152582027189514  0.83725519697119954  0.84282682260652064
  0.84837974559058849  0.85391617964747502  0.85942567935477532  0.86489759859842064
  0.87026341782563044  0.87552180378343858  0.88063957374948520  0.88576118866563103
  0.89090541411651436  0.89595540370484561  0.90086780289345081  0.90568541812773640
  0.91045907419973138  0.91533062668502019  0.92016799034122865  0.92498306863182800
  0.92973066686076056  0.93447276106478527  0.93919912301397745  0.94401536846772094
  0.94888253252826926  0.95365558168706499  0.95839590429524346  0.96309239989883022
  0.96778914851295017  0.97255956013352984  0.97735184959510524  0.98204915752922839
  0.98661146602842886  0.99109774976385900  0.99557111285360500  1.00000000000000000
 -0.00278023794686762  0.01085503688372554  0.02180717916301177  0.03266707556830410
  0.04313956152073978  0.05373160876581896  0.06424942399256343  0.07451100016442785
  0.08471604577674188  0.09512072487454691  0.10552726059817398  0.11576249665851773
  0.12599679651338277  0.13645858555725518  0.14682268767249188  0.15693915976765785
  0.16731672906788700  0.17798919172164113  0.18866805518117064  0.19911351292067297
  0.20959325664044651  0.22057742915951262  0.23156475573164539  0.24231701382159793
  0.25313332637911662  0.26393844425522112  0.27466085663508394  0.28497409368798177
  0.29572282589776300  0.30672668708044154  0.31776882383055438  0.32892243435121815
  0.34005875289463328  0.35118410764252456  0.36205829506448128  0.37269259217546080
  0.38296260000819210  0.39333472640859624  0.40417960651470314  0.41506790569646906
  0.42557554466074521  0.43601702900014899  0.44691836305685634  0.45811406995384096
  0.46933573298244136  0.48027805836466431  0.49136957075559839  0.50223502677281184
  0.51299226330332404  0.52380011343484167  0.53447911510511958  0.54465970095388461
  0.55456955456795998  0.56452542826134011  0.57448981192775606  0.58417042164110167
  0.59384260576131609  0.60366996422427721  0.61388706060151221  0.62402869552441032
  0.63422864876857787  0.64440227241689851  0.65497053361801316  0.66571280883543305
  0.67678022573327778  0.68773579575654165  0.69824142511905030  0.70874467270825292
  0.71920811609749791  0.72994908538615699  0.74035007093317995  0.75096765059988357
  0.76173342862823590  0.77267948357561611  0.78348703788459706  0.79437617072362954
  0.80524571453155114  0.81583092043336680  0.82606457923638721  0.83611595149899820
  0.84606299032636201  0.85586717264159673  0.86535046741279276  0.87497672325677145
  0.88506736494149940  0.89547698528536590  0.90653263219751767  0.91748045278784685
  0.92844820132238037  0.93920505570051849  0.94961442582933231  0.95987144847105232
  0.96982413299954995  0.97992460357539213  0.99008399133837688  1.00000000000000000
  0.00370703106394638  0.01067594074524948  0.01918780282567326  0.02819943191568788
  0.03742776631576836  0.04754619522860684  0.05795210042582107  0.06818616769343573
  0.07821202763079735  0.08845133430862277  0.09872595736851607  0.10951162124863349
  0.12035573209056868  0.13123605944638972  0.14183436751418677  0.15194635732645889
  0.16170085490860070  0.17145415377697937  0.18132347124179612  0.19169150393676368
  0.20225737634356886  0.21308499976237452  0.22404330052033278  0.23506148673769961
  0.24616230493998265  0.25717511691228750  0.26793167849299643  0.27816921327835636
  0.28808373258466885  0.29836193570783942  0.30887229293502994  0.31930802111635009
  0.32960197716269551  0.33993323904837197  0.35028145261806037  0.36048946710487256
  0.37078383330606624  0.38118295501491400  0.39167163687250278  0.40194439267376825
  0.41226937421914245  0.42244734019444113  0.43277090613580182  0.44327423674501348
  0.45380216457895789  0.46416468383421799  0.47468347117754556  0.48578411669424515
  0.49718964028965351  0.50848193098045380  0.51959553340913323  0.53053559320066102
  0.54131384965925666  0.55162574976638035  0.56175579453020552  0.57180898316170581
  0.58199473611856889  0.59223325452030240  0.60252985360673661  0.61288642504401381
  0.62337054155253602  0.63393663985250093  0.64464100866088958  0.65524143619239283
  0.66570354284931432  0.67613041531051254  0.68652845109056526  0.69701025924125792
  0.70756825005438473  0.71828536199857207  0.72865364790431697  0.73876180262659175
  0.74895434002307648  0.75935032126637414  0.77005168351912445  0.78099437912125802
  0.79216330783585864  0.80305464172422270  0.81388151906019035  0.82500634664800054
  0.83609497364100915  0.84721959874264319  0.85806778304693210  0.86873030703603882
  0.87915906537024668  0.88946448249012500  0.90001057537301765  0.91071379038964884
  0.92143694066728998  0.93222875035652131  0.94322994626095513  0.95449154705859818
  0.96561099220382518  0.97686033656337967  0.98826252118327396  1.00000000000000000
 -0.01425460846842151  0.08611069354703406  0.11881058378434722  0.13865477849558525
  0.15430444053383124  0.16774614630924151  0.17964839132698662  0.19049619420895539
  0.20047384968098153  0.20972018209274884  0.21839267996882539  0.22675761951269291
  0.23485880708202031  0.24272507948688268  0.25036083900716721  0.25767384704542390
  0.26472532941964177  0.27166948755634546  0.27848848334725457  0.28524801043890569
  0.29187728369033061  0.29829514024786452  0.30454011316052942  0.31064247547403601
  0.31663108258634648  0.32246351446768556  0.32836121078371922  0.33437526050554423
  0.34039423102171695  0.34636855044929704  0.35233439195885230  0.35830978745280845
  0.36427176578578585  0.37019222581878342  0.37608431918464802  0.38204460379292660
  0.38805166777957889  0.39401879548648422  0.40001453724513597  0.40596994066228020
  0.41190313305578130  0.41782533731184862  0.42378982594771047  0.42976454300815686
  0.43572032910955133  0.44162175633726247  0.44749286206572991  0.45335628750416562
  0.45927019788494594  0.46529459699879550  0.47141235107214974  0.47755390155214961
  0.48375457540917133  0.48994143950509100  0.49616281546423491  0.50242168469025472
  0.50873689074199224  0.51516977407922815  0.52164179589584381  0.52813688639295830
  0.53470213086884255  0.54123164528095091  0.54767428446243693  0.55406588009122604
  0.56051967116047985  0.56708686484474458  0.57365364224132953  0.58026842188092265
  0.58693847353308259  0.59374489307709488  0.60073603193133263  0.60796432664050548
  0.61526025777984383  0.62260290842347676  0.63012912017728506  0.63793573264684234
  0.64598679035045348  0.65424033349638966  0.66259037979700497  0.67134157455622490
  0.68055790196997845  0.69006707781041954  0.69991370140185349  0.71003309408518911
  0.72058111695697480  0.73146055315113501  0.74310006977901599  0.75538261400406681
  0.76863808397376465  0.78284903218568569  0.79860458735281681  0.81629867851443105
  0.83643932926137521  0.86021894763374385  0.89714148226324819  1.00000000000000000
   2.6364984423206233E-007  -1.0000000000000000     
 F F F F F F F F F F F F F F F F F F F F F F F F F F F F F F F F
  <DiscreteSampler_grid>
  grouped_processes
  1 # 1 for a reference and 2 for a running grid.
  10 # Attribute 'min_bin_probing_points' of the grid.
  1 # Attribute 'grid_mode' of the grid. 1=='default',2=='initialization'
  0.0000000000000000 # Attribute 'small_contrib_threshold' of the grid.
  0.5000000000000000 # Attribute 'damping_power' of the grid.
 # binID   n_entries weight   weight_sqr   abs_weight
    10   10   6.425453527091437E+003   7.065051533884475E+007   6.425453527091437E+003
    11   10   6.425453527091437E+003   7.065051533884475E+007   6.425453527091437E+003
  </DiscreteSampler_grid>
