 -0.00095175278564315  0.00377775445528691  0.00799600730638880  0.01215117202785812
  0.01636563058845519  0.02061103048843451  0.02496645469198918  0.02944482709587039
  0.03390277520166735  0.03835195060206911  0.04288271197298704  0.04750256489370110
  0.05220950096409195  0.05704136117000167  0.06187588432660880  0.06682172263941093
  0.07179157075146970  0.07670286790240664  0.08163893923237756  0.08662947792248066
  0.09175260322919214  0.09681779091874544  0.10185859383026429  0.10709734812401495
  0.11243557471703387  0.11787532154395594  0.12339510531755568  0.12890493970688693
  0.13439243278617136  0.13994999891343382  0.14551307139050479  0.15121143573902660
  0.15689322636311384  0.16253988852867393  0.16816745804620456  0.17374107631650706
  0.17942163276536360  0.18517839673269781  0.19111150308203556  0.19713136988993349
  0.20313685838664911  0.20916606388705880  0.21527349070848184  0.22146287779799848
  0.22771921203837614  0.23406253300999749  0.24048441649403773  0.24697703294633336
  0.25371073514516707  0.26057853394512615  0.26744542753332673  0.27428418826285417
  0.28121868979046688  0.28819944335408992  0.29538018091964535  0.30267794181119378
  0.31020016493358665  0.31786819458964394  0.32568523838471031  0.33355390058229861
  0.34144711091191232  0.34931996568524715  0.35747851723343466  0.36594321416482911
  0.37469468420014440  0.38361982482833556  0.39272202585075006  0.40198173306190110
  0.41141805137152143  0.42104411593061236  0.43082406723188099  0.44077617012551235
  0.45086164539544460  0.46137606789244145  0.47249515099966793  0.48412431388928628
  0.49613353595098930  0.50831236067180441  0.52070712298136312  0.53366804751553065
  0.54714226228223606  0.56121881418199893  0.57608133716671051  0.59161213223106390
  0.60769057755983957  0.62464270325415328  0.64322879618229323  0.66303570766578845
  0.68471361995994395  0.70763566759804575  0.73249338300668021  0.75994393045349984
  0.79210539913952338  0.83223943708545278  0.88689901139387950  1.00000000000000000
 -0.00232519935296235  0.00964003660244711  0.01947848745884818  0.02973638031745288
  0.03996109594111026  0.05024433586809311  0.06096117443693701  0.07196048806194574
  0.08319324105034884  0.09396937835981453  0.10448097823856281  0.11488249622519692
  0.12516100705383129  0.13612265428415632  0.14719447913299738  0.15836520386872238
  0.16931062735409619  0.18027857425959479  0.19094701968552091  0.20149166662274060
  0.21181091607979149  0.22198829421920374  0.23218139245950997  0.24244242012601724
  0.25287483358754131  0.26349547351626196  0.27376928700552616  0.28409415566722146
  0.29452889713712466  0.30549472352781154  0.31642683525332665  0.32730645496464467
  0.33821480043227459  0.34937534616430010  0.36039215800717833  0.37131025515410387
  0.38220479527802464  0.39314245167936890  0.40386250842549504  0.41466275925072044
  0.42527396626531311  0.43595257386432262  0.44646470408348449  0.45681764924229357
  0.46737350122092630  0.47793049878518468  0.48876041844236739  0.49983903105411326
  0.51091247064394563  0.52189281851064162  0.53269907887707191  0.54323375243969285
  0.55358051325484081  0.56397351790430517  0.57453844755198868  0.58507554959367070
  0.59522019468060805  0.60528137958436057  0.61542570013649944  0.62567786944366255
  0.63628473064081736  0.64709548974212050  0.65839587983446435  0.66940361171127127
  0.68046270411143683  0.69145893772162847  0.70246587670874339  0.71309900801316950
  0.72335245961527905  0.73361978060102961  0.74368424941203604  0.75420445200627440
  0.76470542230207306  0.77572473707704159  0.78692141657333003  0.79839794695567678
  0.80986791009092207  0.82096309731126460  0.83169811742328592  0.84196891461712409
  0.85193551571331627  0.86164037240550762  0.87128951797702059  0.88105531884633947
  0.89098023469440868  0.90108462325250960  0.91116565655030690  0.92134543378375988
  0.93160858882900777  0.94183401050598681  0.95191748191346715  0.96171671772393796
  0.97140759216452921  0.98112774398043134  0.99063599449620454  1.00000000000000000
  0.00357367215082182  0.01022293562079099  0.01866796166027598  0.02790892814047272
  0.03741386880475335  0.04748781299320091  0.05762259444241936  0.06751101214615328
  0.07738736208033817  0.08723486930009927  0.09724316876613812  0.10739748574867952
  0.11760536397486218  0.12798230825238893  0.13829908641519040  0.14938712049523165
  0.16051005111802444  0.17159622532897686  0.18259111747462900  0.19366233410240560
  0.20482707520685123  0.21569558374123929  0.22652403781626643  0.23707082547063132
  0.24727343243877475  0.25753960612689225  0.26773876769602434  0.27804771476593160
  0.28839065878154807  0.29903989404251563  0.30989944608317560  0.32088241790704647
  0.33206782703101195  0.34352535216968522  0.35493168899681854  0.36622955812880964
  0.37754073535195193  0.38874380978195627  0.39953942243071966  0.40982503558056393
  0.42009794144732987  0.43060526224161605  0.44114464973748291  0.45186341795784513
  0.46263266272255005  0.47329373218525095  0.48354406704292591  0.49371899538226721
  0.50376867400892378  0.51383352832460361  0.52392960982363435  0.53420804475172479
  0.54425044398083200  0.55383508412621263  0.56355549853499209  0.57358234582527701
  0.58361403164484305  0.59383468837359632  0.60401795699574412  0.61453522021074181
  0.62495406461684344  0.63541791753604460  0.64578445627873027  0.65594247573584108
  0.66615136157946109  0.67659391117382572  0.68720882185665555  0.69790536978515594
  0.70858250731996519  0.71903765399975739  0.72961005375966081  0.74050005859067269
  0.75138478139896336  0.76188256597963611  0.77215907228750269  0.78251055697200733
  0.79274667757243511  0.80267969863898780  0.81257563815508338  0.82239353104159130
  0.83236267328796887  0.84243931041296050  0.85298215557207613  0.86387406078381901
  0.87499404226612099  0.88626310092411975  0.89713526923960740  0.90803990499869058
  0.91901514834311282  0.93026327383536911  0.94132049555291497  0.95227112463327390
  0.96350670832592100  0.97499593567776066  0.98728938580433134  1.00000000000000000
 -0.01613938184370232  0.09690084271974410  0.13153210209452521  0.15319768712374471
  0.17132070239049524  0.18772999866572285  0.20264933070020089  0.21617519862451712
  0.22846436760887537  0.23951088914153507  0.25004466296346445  0.26012015095092522
  0.26980129013207299  0.27905866845931993  0.28803637991450892  0.29669668931430743
  0.30512037623095728  0.31330444949900504  0.32110249046413503  0.32879819392882415
  0.33615609175473954  0.34335260137625401  0.35057368677309431  0.35767145639091208
  0.36457698088509638  0.37135212000685475  0.37789601304125769  0.38421686844996938
  0.39040483072601462  0.39658741484842797  0.40283772535362317  0.40916185407675587
  0.41549898847462147  0.42173839575221633  0.42786090573432783  0.43384718456019583
  0.43984611708735588  0.44578061334683522  0.45177590570530557  0.45772601470603053
  0.46361328243995054  0.46947217953854326  0.47525148479050183  0.48101685835504693
  0.48686945250493774  0.49282547272660587  0.49882048109503502  0.50477753852673868
  0.51062588724564340  0.51635431760241002  0.52213883295934815  0.52782266863618577
  0.53366877863580886  0.53952419127118201  0.54530972906255226  0.55103862891024102
  0.55673543353298249  0.56242396734592837  0.56812740520381755  0.57386468213913899
  0.57965809144583014  0.58559187069956986  0.59175112267677354  0.59800292134199740
  0.60424681289700788  0.61074546329387158  0.61723935245066552  0.62375951007609931
  0.63047351671427954  0.63733831847561084  0.64433932160472818  0.65142782291288104
  0.65857500349486187  0.66570970446928757  0.67280916028857363  0.67999308286402305
  0.68742008555328316  0.69514484319876124  0.70307533503394615  0.71108519033885020
  0.71935205492483778  0.72781925699873162  0.73666878726124363  0.74576703973830982
  0.75519745402699789  0.76492275559831668  0.77517033057211737  0.78618910904335593
  0.79826059608200961  0.81145640832771027  0.82564238747103369  0.84139758357797467
  0.85969350765611396  0.88279337704294680  0.91852751468741123  1.00000000000000000
   3.1017918586143420E-006  -1.0000000000000000     
 F F F F F F F F F F F F F F F F F F F F F F F F F F F F F F F F
  <DiscreteSampler_grid>
  grouped_processes
  1 # 1 for a reference and 2 for a running grid.
  10 # Attribute 'min_bin_probing_points' of the grid.
  1 # Attribute 'grid_mode' of the grid. 1=='default',2=='initialization'
  0.0000000000000000 # Attribute 'small_contrib_threshold' of the grid.
  0.5000000000000000 # Attribute 'damping_power' of the grid.
 # binID   n_entries weight   weight_sqr   abs_weight
    10   10   1.146788705708058E+005   3.809433654410378E+010   1.146788705708058E+005
    11   10   1.146788705708058E+005   3.809433654410376E+010   1.146788705708058E+005
  </DiscreteSampler_grid>
