 -0.01609773831830622  0.11317920509740016  0.16862500152439341  0.20824530437271357
  0.24112941448152753  0.26938072036601052  0.29415819553197275  0.31620817242770499
  0.33644070673102566  0.35547008428374521  0.37347340915339911  0.39026177810878376
  0.40627182497677561  0.42152535529285529  0.43591081288130218  0.44964189814880884
  0.46294462284560989  0.47576695177972006  0.48813753332813664  0.50004741469046965
  0.51149611859685895  0.52271526177141558  0.53369375922371809  0.54453505201064656
  0.55506916936791828  0.56515673357004992  0.57507520016211511  0.58477747030484939
  0.59412606217858088  0.60322379570027596  0.61193481332955191  0.62040785295563028
  0.62864197631250318  0.63674717622669685  0.64484090592788135  0.65284656990462864
  0.66071855322389361  0.66839480261178019  0.67594127702106044  0.68348960765661870
  0.69103108837974825  0.69849475878738110  0.70584006962135637  0.71294974342939965
  0.71984348811254439  0.72668630849604354  0.73341538645498006  0.74000271758330083
  0.74649666835562623  0.75300499773957363  0.75940095672413666  0.76591697006294457
  0.77235217142720958  0.77865662650297074  0.78487732717395986  0.79101269704417176
  0.79707999742959035  0.80303658117269516  0.80884892630309857  0.81464997430446073
  0.82045801733413670  0.82623071564096273  0.83194177444893036  0.83763924302535564
  0.84335241965401786  0.84902543240405903  0.85463449367893374  0.86009185111185715
  0.86553385720444842  0.87103979403954512  0.87647270258851606  0.88175638887371799
  0.88698195507114785  0.89216583262284499  0.89726020091915593  0.90227913781693980
  0.90730669172212297  0.91234846939520375  0.91738677106545874  0.92236865617255215
  0.92729217484561954  0.93221887139882198  0.93719677330562245  0.94225943848489535
  0.94738829958801829  0.95246027680867940  0.95739501610046696  0.96224272410529843
  0.96700084289330390  0.97168992198898940  0.97623443909613816  0.98091844032727638
  0.98566765072459295  0.99041010601960577  0.99516885793351395  1.00000000000000000
 -0.00229914663792993  0.00980756696165374  0.01981880530211319  0.03001238342393484
  0.04005915894191382  0.04988553767431781  0.05981640098158322  0.06992558875225563
  0.07982317079920116  0.08974736860512160  0.09972181816175887  0.11020081918236982
  0.12144498530298987  0.13253033594116786  0.14344107762202965  0.15414818190364549
  0.16488767514681171  0.17553586787009581  0.18585265029616654  0.19630705621856853
  0.20689443360762969  0.21780408582787350  0.22877009051118466  0.23999646951612785
  0.25111125008920165  0.26242493688278345  0.27356642073431603  0.28401371262187614
  0.29422864854379738  0.30447327663895607  0.31506857158418122  0.32532288487789690
  0.33529732713297195  0.34564783042061925  0.35564456446215492  0.36559604936880591
  0.37567001924553556  0.38627874453157518  0.39701344824713425  0.40733835467644663
  0.41739412184126856  0.42746265379150139  0.43768221414245423  0.44841627674505913
  0.45875938660342402  0.46953554876358755  0.48023739296597034  0.49139592715335872
  0.50250904325184576  0.51346003010759678  0.52430225125763885  0.53471425476451295
  0.54494126491748696  0.55540371009187028  0.56581522471652068  0.57606003473145739
  0.58645753266519651  0.59690484897702845  0.60761145715719933  0.61812526880805863
  0.62884699877881944  0.63977637226516670  0.65063420823809481  0.66136304661411016
  0.67201918550872863  0.68281044119981593  0.69368646265340117  0.70435251148354339
  0.71502960635759161  0.72577581371637467  0.73701430534454815  0.74810336137069589
  0.75868982206670166  0.76923177551278488  0.77980010196602312  0.79064784744797900
  0.80135373976746360  0.81169526039483852  0.82195290083921935  0.83213346364106311
  0.84324241134759048  0.85408160138337985  0.86471217032141212  0.87503978262186866
  0.88561406119673025  0.89598281256709789  0.90631546050135769  0.91693829743949240
  0.92713293422793885  0.93707177939282860  0.94711595144736960  0.95710869860274506
  0.96738661514282176  0.97768310262262459  0.98869389327384249  1.00000000000000000
  0.00364408931894590  0.01033706254723705  0.01938260890587181  0.02913139195572650
  0.03916463613200050  0.04954437816816677  0.05986442057912671  0.07013321129304623
  0.08030427538417366  0.09024009571623555  0.10005278350647016  0.10981502687922527
  0.11977113513643070  0.13010672800592538  0.14055316987325553  0.15098110953125568
  0.16131557839446550  0.17183216156550010  0.18265719094972932  0.19361066737036547
  0.20446941613924699  0.21501241568857354  0.22546900590343139  0.23596920034253702
  0.24643342241331162  0.25655567118788053  0.26643497875774264  0.27659106161350416
  0.28700274008350313  0.29715715482998295  0.30715200806403420  0.31722203676771293
  0.32739538739872515  0.33764089244694545  0.34791137836815789  0.35859194960502111
  0.36941798209417975  0.38029713030710194  0.39134326808873876  0.40232083061116319
  0.41312010189135312  0.42332883329195081  0.43329163924321545  0.44356259087555161
  0.45388390606590268  0.46419364643945971  0.47463467488130018  0.48553298764176955
  0.49670749068295500  0.50764048934113293  0.51847536283002216  0.52924248193793855
  0.53976726978635858  0.54998828517569798  0.56013848078011397  0.57028800061788287
  0.58036569597546328  0.59041001062026266  0.60049378070738668  0.61103255213737218
  0.62168649973275225  0.63233565994469476  0.64297370920479258  0.65333481373301727
  0.66375110736222498  0.67409516388022539  0.68420044377146849  0.69388846215554312
  0.70338214323608916  0.71314379431460428  0.72339534353304003  0.73388334353665607
  0.74447140727209793  0.75547867554206516  0.76647710862735319  0.77713426807983244
  0.78754467250811966  0.79788663539239801  0.80832974143236969  0.81890080131584975
  0.82957568995186237  0.84018389634683111  0.85068106038841740  0.86139369001640853
  0.87235054924858013  0.88325365722268756  0.89406823658994772  0.90519165320605588
  0.91637757134847408  0.92746995367867147  0.93840705451798745  0.94964855917436353
  0.96114618857640832  0.97339234335035740  0.98643302818086298  1.00000000000000000
 -0.01338800578433416  0.08291265782809756  0.11703287144533232  0.13955329462768015
  0.15759853188548734  0.17324668669206733  0.18731324794694773  0.20018207628610271
  0.21204663737573190  0.22310535289137373  0.23352818782876184  0.24325306182218021
  0.25248069746018786  0.26116354725203172  0.26962638997107119  0.27793006609797677
  0.28602783822370514  0.29395564010681402  0.30168435513200470  0.30940855609589379
  0.31690557987925966  0.32420631947531481  0.33127253586942473  0.33805118582000532
  0.34463316124665871  0.35114113761637822  0.35765708335894836  0.36419570945904817
  0.37073298418030270  0.37722346334723511  0.38357044497261095  0.38978279950245015
  0.39588379496615106  0.40174303197167610  0.40755966826468992  0.41338360507105770
  0.41915787561007589  0.42494912351856556  0.43084946533966623  0.43673886358001779
  0.44254847878886028  0.44821946806345664  0.45378426898414742  0.45941651653406007
  0.46518529647648055  0.47100943284317304  0.47682445499056014  0.48263945436281658
  0.48852920846882281  0.49437254906178885  0.50044235675155191  0.50649438198195618
  0.51254260780861405  0.51855355542975445  0.52451684774183360  0.53053835762682577
  0.53662371012580523  0.54265006648108249  0.54860181413968845  0.55452910241883657
  0.56043363959194459  0.56650447539205906  0.57271164648658379  0.57901804438387339
  0.58573429998265070  0.59277136202584768  0.59983206906636899  0.60692552599094507
  0.61392006373830899  0.62087292738550459  0.62792762385817580  0.63516146438488863
  0.64252929097304734  0.64989529001493307  0.65732890479818529  0.66504745018488665
  0.67304205171712939  0.68136888459035805  0.68965864990397185  0.69781416284743925
  0.70593411253236371  0.71415453173843535  0.72271645682721586  0.73188531296290515
  0.74145368224333308  0.75128581930820149  0.76171820507677912  0.77306567288144590
  0.78527919576367522  0.79821152711186927  0.81223385322021069  0.82805473312141087
  0.84651593111416001  0.86889005298815014  0.90336104137554185  1.00000000000000000
   3.1964225541148474E-006  -1.0000000000000000     
 F F F F F F F F F F F F F F F F F F F F F F F F F F F F F F F F
  <DiscreteSampler_grid>
  grouped_processes
  1 # 1 for a reference and 2 for a running grid.
  10 # Attribute 'min_bin_probing_points' of the grid.
  1 # Attribute 'grid_mode' of the grid. 1=='default',2=='initialization'
  0.0000000000000000 # Attribute 'small_contrib_threshold' of the grid.
  0.5000000000000000 # Attribute 'damping_power' of the grid.
 # binID   n_entries weight   weight_sqr   abs_weight
    10   10   1.403142276794768E+005   4.957272763298630E+010   1.403142276794768E+005
    11   10   1.403142276794768E+005   4.957272763298625E+010   1.403142276794768E+005
  </DiscreteSampler_grid>
