 -0.00000054569559025  0.00007623862155474  0.00043132792278642  0.00113174850238901
  0.00218381879749112  0.00358541682304756  0.00523029357738659  0.00714734770936662
  0.00941133520322662  0.01186713669558802  0.01451310526681458  0.01737775037371159
  0.02049344166713755  0.02375882976270189  0.02719964920416966  0.03076784836248764
  0.03448079042946878  0.03833490540171331  0.04230683255000336  0.04648915835676231
  0.05080369661884147  0.05528812675758488  0.05992042915350190  0.06452045452688014
  0.06934751947257498  0.07409238211515284  0.07912082706576189  0.08409866060274276
  0.08913620226021145  0.09424849129048149  0.09945155257361653  0.10447761363806432
  0.10995297651459005  0.11558603353988874  0.12132503469351108  0.12717402461390595
  0.13323759464466195  0.13930999167736058  0.14533233885538385  0.15150043826612933
  0.15795340379642753  0.16458946492997042  0.17120342243091233  0.17787880595687186
  0.18486217014726905  0.19187339929293779  0.19890031902618127  0.20591363432859655
  0.21301688081587133  0.22039054999117760  0.22772514625827647  0.23516482179923473
  0.24259947301688470  0.25024132340244976  0.25801849742974498  0.26590353763905594
  0.27392705908366960  0.28196596355294457  0.29004646340028678  0.29816334723860172
  0.30665273378110164  0.31533712440673123  0.32401728530627005  0.33267575798219873
  0.34142079024940286  0.35041867567997143  0.35953125549111004  0.36906275940576994
  0.37888721779208329  0.38867658299245811  0.39850066884605179  0.40840748411869443
  0.41870908375732163  0.42944774028455812  0.44064357124499015  0.45226225305015361
  0.46413008390690469  0.47625086896502122  0.48845373033625050  0.50128764418240102
  0.51519115970520313  0.53012365549364648  0.54515337140912101  0.56070148584300239
  0.57649296053680499  0.59408936737763740  0.61327046854469092  0.63372122165252709
  0.65564754509794421  0.67816219729972960  0.70474989595722359  0.73573552512901497
  0.77356969765835337  0.81871707165513352  0.89169724180435783  1.00000000000000000
 -0.00254655751445383  0.00947730461660319  0.02007524955345453  0.03121306742509897
  0.04224186269196103  0.05266583064417648  0.06284918288535993  0.07314286326630019
  0.08350027269731675  0.09404322997213337  0.10486235196744796  0.11577924083904784
  0.12644711537848397  0.13696163784248341  0.14754003241755403  0.15834753547236860
  0.16948754174488967  0.18127013772287526  0.19266446565254153  0.20350966512357063
  0.21368250329220925  0.22350339696609711  0.23325477262313796  0.24269850617635710
  0.25196549766989729  0.26102101422374563  0.27049003743302114  0.28069875245602949
  0.29105511790211935  0.30155090168809318  0.31233428650129064  0.32285682613921562
  0.33323669582440091  0.34310346597835734  0.35325507829401498  0.36337697660885632
  0.37350433429848562  0.38408412995588553  0.39491729477052023  0.40567958651094782
  0.41625429409793002  0.42676394789423283  0.43747669580055792  0.44822488042235537
  0.45873748332729852  0.46900416735164335  0.47932303229497752  0.48969643063525897
  0.50000104620786145  0.50981335478037670  0.51945331246431792  0.52953360951717821
  0.53973178598832716  0.55016596367864723  0.56062453186333150  0.57134123002457060
  0.58243793795926668  0.59353692173252837  0.60493673572346340  0.61670562133843387
  0.62781849243734311  0.63785485812006582  0.64789389849262480  0.65831099600945997
  0.66867923921484185  0.67899100826186831  0.68952017432526447  0.70072110446648961
  0.71172948992978635  0.72249053451659606  0.73324600378720939  0.74405549285126571
  0.75498890535838015  0.76598068646779904  0.77674862405023504  0.78736406229534284
  0.79808704934692942  0.80891477042753657  0.81935316652927515  0.82943392882139533
  0.84017140045232341  0.85128785966437059  0.86263667217209439  0.87349369939216592
  0.88419410477657900  0.89486837988735579  0.90558475597517762  0.91616351060441070
  0.92662519595463089  0.93724815221150126  0.94840831774271839  0.95924363630400178
  0.96953029220906295  0.97976899751383062  0.98977320559609483  1.00000000000000000
 -0.00208405803361504  0.01091091265431865  0.02055958854037155  0.03003202590242768
  0.03922482529559458  0.04883421832658982  0.05849754435374021  0.06871833659089602
  0.07906987978554833  0.08973313879438553  0.10060118910766579  0.11117890476514961
  0.12168494027954159  0.13212399744767944  0.14292633507782351  0.15459755700919980
  0.16610254975150582  0.17643162208838639  0.18654767781878884  0.19652672665029336
  0.20666098643213163  0.21723334676924733  0.22823560534868137  0.24021026053927502
  0.25221108446382823  0.26448494384095284  0.27685269553579928  0.28906015335472129
  0.30092291853587089  0.31227960849751879  0.32333956753129756  0.33442869571987366
  0.34550095061912456  0.35660034439327726  0.36749371687919208  0.37807717319977324
  0.38867793968914766  0.39970108583048269  0.41079557948708251  0.42117942932202324
  0.43110772084919852  0.44126769637365842  0.45179451185083830  0.46223284368431639
  0.47243668176916553  0.48281792830872056  0.49370449081452383  0.50470513708440046
  0.51541799412390787  0.52608002531583220  0.53678030453955372  0.54733368534299331
  0.55753760351558435  0.56813186737505827  0.57912089805279277  0.58972328623783210
  0.59980395666029573  0.60972548604743004  0.61947147522858437  0.62890683311289219
  0.63820647972635081  0.64761582483206548  0.65725423095142776  0.66705460553558105
  0.67715253294071753  0.68739936716881400  0.69750072291364984  0.70753495922609322
  0.71759440074129677  0.72765908263023149  0.73758584184202303  0.74790129732483335
  0.75960156661902778  0.77190844046938345  0.78354039417160559  0.79442890727555571
  0.80507892470636655  0.81538384720446844  0.82498948662299409  0.83456672194355197
  0.84457915572905029  0.85493129043497795  0.86539895120961441  0.87588590437766334
  0.88612369628602161  0.89655460027450351  0.90694222484427989  0.91714715297925964
  0.92715210066781228  0.93749720786802815  0.94814126045550529  0.95911518144597374
  0.96949312336933435  0.97990311300350730  0.98979066073825639  1.00000000000000000
 -0.00230042771519353  0.00984666360893439  0.01985575396867156  0.03000216020924841
  0.03979636060679129  0.04999239481241269  0.06056088246824243  0.07057991283925394
  0.07999471392058483  0.08951018773118849  0.09938074664609296  0.10952161280175191
  0.12003361517354960  0.13123383801349744  0.14317315198861963  0.15468642021242501
  0.16549952153439185  0.17590997885380988  0.18606403750358511  0.19634539202184331
  0.20672917061528084  0.21713368190613797  0.22771316424377247  0.23832617791868013
  0.24918256365364722  0.26002520774883092  0.27080210982587533  0.28118274798747711
  0.29110442002276549  0.30102976384217078  0.31110513005151247  0.32122461629464549
  0.33120314852445631  0.34138178863413832  0.35189789043951680  0.36257437280693111
  0.37320054942412628  0.38380833920113622  0.39447516704820701  0.40545408963214458
  0.41675332394505354  0.42808403812707380  0.43956586087066390  0.45115968387817068
  0.46229098960932541  0.47294509847642785  0.48319796448039648  0.49323102738497460
  0.50324490574079894  0.51329694121766889  0.52334233611020453  0.53335562289739846
  0.54320102233696643  0.55346478179599590  0.56396519874526851  0.57484232517945988
  0.58601398252815884  0.59757741931169162  0.60927514568559193  0.62107943533135013
  0.63274869562739600  0.64433322273551541  0.65560922478986006  0.66653171638176700
  0.67722675671974308  0.68757488433469260  0.69771690421406563  0.70773911159357483
  0.71750000270662440  0.72713735775696320  0.73705800950006317  0.74715499911345751
  0.75710339022664086  0.76712606696665098  0.77734103932653320  0.78805227428134395
  0.79895080145942265  0.81014741601381679  0.82101957102301892  0.83184529950843233
  0.84223605620781616  0.85284714206873924  0.86299349375650447  0.87296203799012373
  0.88281222642494084  0.89252374388885503  0.90249349358501418  0.91282398833715417
  0.92354412994745405  0.93479185433062806  0.94628804034177294  0.95790469206024376
  0.96807284035478292  0.97877698427339954  0.98906628522409934  1.00000000000000000
 -0.00236583752193404  0.00994815155473737  0.02023709076104815  0.03046294974860750
  0.04044350750042190  0.05045651127021653  0.06045267654584094  0.07040651364956028
  0.08028958069187675  0.09027986144149246  0.10059101640964924  0.11119155992855560
  0.12215239693803161  0.13327531492046057  0.14432890446105273  0.15496762385020663
  0.16557877246488367  0.17618320718207944  0.18682711611803135  0.19734193948641116
  0.20765016488978105  0.21838464950713349  0.22891702325522029  0.23926053300283254
  0.24966892708888822  0.26035781032416044  0.27099501563636602  0.28129114844806979
  0.29153057584691749  0.30207916750293273  0.31274407604827220  0.32357236772036002
  0.33433090828734763  0.34497479341151144  0.35587073013334208  0.36716375775263826
  0.37883763077427840  0.39052708265644975  0.40159467653699976  0.41244813412428050
  0.42309510483008961  0.43373671383850804  0.44386972592658425  0.45359980294317176
  0.46344605639803677  0.47313368330234501  0.48274708488279672  0.49229164000124143
  0.50206854864288086  0.51169284240500912  0.52130360717092283  0.53149292632467238
  0.54165511167990854  0.55197766659942404  0.56252849804123450  0.57396007335382204
  0.58529650969607683  0.59648970911383348  0.60719472859672519  0.61786077291862196
  0.62849169410873773  0.63909729650715785  0.64978495171891837  0.66022755997442495
  0.67053471475987592  0.68081329488756126  0.69127585429516603  0.70227011728031152
  0.71329446262936635  0.72399225254513111  0.73460840774622138  0.74514584558200536
  0.75602057591761207  0.76687798576934696  0.77845408452631804  0.79004190885049064
  0.80072900343824283  0.81096303362449218  0.82096681055507370  0.83090283113127406
  0.84052926075092460  0.84976633620176878  0.85952950518824578  0.86955677641110996
  0.87974929404586721  0.89015314407669166  0.90034617568191677  0.91131856599830430
  0.92199662729929155  0.93261356157775543  0.94295682518720536  0.95363541363513793
  0.96411193151223495  0.97526567371354222  0.98706666611076488  1.00000000000000000
   5.6576287246025464E-023  -1.0000000000000000     
 T F T F T F T F T F T F T F T F
