 -0.00003636846239448  0.00431390743457463  0.01270370844744472  0.02171526721241247
  0.03078671897489239  0.03975408010427474  0.04850908506300039  0.05709753597406148
  0.06553517285151116  0.07385373343658158  0.08202746917244244  0.08996931522733229
  0.09779908963076950  0.10535479360962394  0.11297826467415639  0.12038022236330941
  0.12762490042179864  0.13490160578814053  0.14204570126892904  0.14907298368480065
  0.15610112736616960  0.16314202163909206  0.17006853966103302  0.17694216874298926
  0.18395541462006998  0.19096019352696497  0.19790486184849293  0.20476885448370141
  0.21150438290453061  0.21837973624538193  0.22519513270032887  0.23193010059614905
  0.23858819920547253  0.24513954417662831  0.25177362737028713  0.25856293132046487
  0.26538548148006119  0.27215750225912094  0.27890742063741875  0.28560536303788603
  0.29225753212979050  0.29897090463634646  0.30583756418023472  0.31279829349982441
  0.31972034201132604  0.32660043659349153  0.33344207149357630  0.34021622539324498
  0.34695470364742026  0.35372981412785465  0.36079529946955458  0.36805183030339877
  0.37538980161855129  0.38275173801481371  0.39013274320042934  0.39751376338317163
  0.40483524673243643  0.41216791523708501  0.41950467238493555  0.42719986529437665
  0.43499636882681503  0.44283343049932877  0.45068823308718703  0.45853934242862127
  0.46642146355266950  0.47438149031971116  0.48239157176799352  0.49046683541115788
  0.49858924081687173  0.50711156115036826  0.51640736911713425  0.52560972429534158
  0.53486841321422085  0.54436318379468540  0.55396527398217055  0.56363804913363358
  0.57338121441407730  0.58320160125633980  0.59361178342545518  0.60449285636869432
  0.61641260654776853  0.62884789198216651  0.64155705215107595  0.65469596362602844
  0.66853884216060488  0.68262468248124897  0.69721535421311742  0.71351999158096113
  0.73224534198071334  0.75276568415895773  0.77480870160281201  0.79892061212324850
  0.82705856936997335  0.86383589392563898  0.91757232396344335  1.00000000000000000
 -0.00308003055552273  0.01134644552056755  0.02325586939276231  0.03477033048755660
  0.04619865741616616  0.05771433049621377  0.06864538913960230  0.07905855805044337
  0.08978910830234899  0.10068768868990016  0.11163374764539694  0.12247558260737726
  0.13326106517478595  0.14402567203272321  0.15472098219036903  0.16522746899001434
  0.17537036117108931  0.18563097823498412  0.19648523074447871  0.20765748808304604
  0.21848007557569557  0.22888226923612448  0.23944399637927058  0.25028231260132894
  0.26129430130555675  0.27248026083162757  0.28340103393282651  0.29442319278335494
  0.30572762124829916  0.31712445313659071  0.32861314618257925  0.34001047802889700
  0.35118639806830354  0.36213941154093154  0.37294308197306142  0.38379310531277222
  0.39461702307686936  0.40520758708131682  0.41563093959442082  0.42588662326851046
  0.43615396143727891  0.44676480299160792  0.45749137943965290  0.46776456176734837
  0.47746007265346430  0.48699602868595976  0.49644121066060998  0.50568393769974551
  0.51471120361070211  0.52403718079152728  0.53399597371858398  0.54407639435051092
  0.55440576589917190  0.56489321779988833  0.57601082192985287  0.58745157570565298
  0.59883318259764895  0.60974502448454759  0.62011734511259464  0.63059385223886499
  0.64138748904787923  0.65153683870783874  0.66156511919678629  0.67166187108646569
  0.68170993398961222  0.69167525426754217  0.70147317216751714  0.71142272359584513
  0.72142212123197691  0.73118967884763830  0.74084058838243183  0.75071131238752709
  0.76068015826662361  0.77072972183579624  0.78074526117421372  0.79090250051819921
  0.80122356020270846  0.81122971847036107  0.82159779890035445  0.83204043317117826
  0.84246013562119593  0.85278059136754780  0.86320042182308243  0.87351161865470950
  0.88357829628306361  0.89358128036021744  0.90391336574876757  0.91465838213187989
  0.92550999666025213  0.93599317333502974  0.94647514926441689  0.95700604365262443
  0.96752025148096332  0.97791477634811197  0.98887580781583728  1.00000000000000000
 -0.00251794897784814  0.01007965193353516  0.02064299708571233  0.03208518468368182
  0.04374593064530102  0.05628150349774100  0.06757713237396522  0.07820793755096671
  0.08874404374182661  0.09919381984904299  0.10941670453498265  0.11955452065809580
  0.13040215491658674  0.14160032696382535  0.15242200176070431  0.16293218469395859
  0.17344991122182321  0.18411006774406261  0.19486708080802312  0.20562016264196689
  0.21634557822954972  0.22703706660570411  0.23788043807200257  0.24880083830533498
  0.25968393747076030  0.27070579221776453  0.28191812289089563  0.29318920061207354
  0.30425797878063121  0.31504075353624850  0.32564793648202134  0.33657911280132280
  0.34795240161232033  0.35890530555465028  0.36926978632258994  0.37946177656964708
  0.38935389110880941  0.39911629583385233  0.40896052037042108  0.41906079608029467
  0.42936307895573000  0.43996637306190645  0.45089155964052519  0.46180427215808928
  0.47244684470283177  0.48290157311701976  0.49318135668855401  0.50345548661946871
  0.51398075007403898  0.52450902937218502  0.53508925119119533  0.54560538265060565
  0.55612164573036382  0.56636455959612075  0.57623304404600184  0.58616232362180409
  0.59631024957348122  0.60669254919000148  0.61719429721041885  0.62759800407053279
  0.63790891059379595  0.64818566924063536  0.65834416198957280  0.66842298698295965
  0.67846182823143131  0.68863956346280286  0.69896248505658543  0.70961760286651698
  0.72093212131667306  0.73227638095681336  0.74321156569694025  0.75371541646174023
  0.76405790267104623  0.77449779495859661  0.78482441186560148  0.79519079027819939
  0.80573418502808503  0.81635709842033399  0.82681650185518163  0.83702657699036387
  0.84693996332313282  0.85660323141369488  0.86635583858031662  0.87666472298139364
  0.88749450069204538  0.89823525538607751  0.90900848023944214  0.91967650489125485
  0.93010833438768770  0.94047962833660315  0.95026110732418612  0.96014829548510816
  0.96989568784088143  0.97978732667888546  0.98984384633950828  1.00000000000000000
 -0.00189148312948772  0.00936076150974374  0.01916291615321387  0.02994054895658568
  0.04113175304479903  0.05195564438574330  0.06288413436600415  0.07388674303014975
  0.08484699257204506  0.09489303008787518  0.10521477546781553  0.11611517224646015
  0.12711380572282835  0.13744754456240196  0.14786883894703187  0.15805814863747034
  0.16825851494244776  0.17858447005228503  0.18902594338217696  0.20013711299032638
  0.21159346234210635  0.22325410444449753  0.23467137679872441  0.24553495662826191
  0.25620847276894926  0.26639135200890773  0.27747240214009400  0.28869328148382251
  0.29932186522475651  0.30992018576343605  0.32101770371468918  0.33192556173907267
  0.34201595123732270  0.35201360348089095  0.36259202108377248  0.37303196792588950
  0.38270404938370456  0.39204729585328429  0.40252708088615974  0.41302239973283561
  0.42396170164570329  0.43470923103475295  0.44635375807236211  0.45773044248728761
  0.46892922471818566  0.47994886334566100  0.49118853102309168  0.50220674764017181
  0.51294180914723742  0.52363803439564394  0.53438876329133056  0.54485077281513639
  0.55489762089351913  0.56471134429947234  0.57471117587702314  0.58500071507942575
  0.59547983294344642  0.60560215496480974  0.61556229872344692  0.62558566656751191
  0.63594820776877925  0.64622026381032116  0.65628171406219382  0.66638088519753924
  0.67711568131624456  0.68825299178150212  0.70033950770715836  0.71189715578133661
  0.72262422441892182  0.73298970656667706  0.74328895908468340  0.75317612780188048
  0.76301902050841319  0.77292055811287419  0.78326751570685860  0.79338880736288642
  0.80303921817635793  0.81268973844558057  0.82245860943088056  0.83258035590354262
  0.84291732289378352  0.85312759754445466  0.86334950193054738  0.87348749119394020
  0.88408399373001156  0.89476504130277446  0.90515119632712804  0.91561810297516300
  0.92640508323252402  0.93719363088039831  0.94704989537857409  0.95653711819510157
  0.96701669982711635  0.97807035447240764  0.98902643406134683  1.00000000000000000
 -0.00239640606190103  0.00971720415943430  0.01976882016421765  0.03029645191405400
  0.04063980355909746  0.05084860468496800  0.06130859794172515  0.07233821077846667
  0.08358527136751046  0.09548388317431601  0.10713915658745589  0.11768807577548394
  0.12845761748537055  0.13934748824917803  0.15008775564691992  0.16011023504975605
  0.17015731922483915  0.18056268795759092  0.19127774203553463  0.20262245716417235
  0.21377811244844400  0.22479103687146981  0.23538834600449668  0.24574612323847664
  0.25617956617757509  0.26647004981621120  0.27687498084488249  0.28729996732226182
  0.29748116823449205  0.30749394504499017  0.31737198591390325  0.32721317611114664
  0.33727438744445420  0.34723895437826902  0.35691211708326165  0.36665043565875766
  0.37642680792146666  0.38683947137014735  0.39695773803320439  0.40707262321110088
  0.41752382207090782  0.42828200672599931  0.43894473866276262  0.44933180349571833
  0.46005175513335317  0.47132922819923878  0.48282720996665796  0.49412113282179099
  0.50470927121588116  0.51444328513980930  0.52419712660022055  0.53370636787892467
  0.54351203917991764  0.55331910408588614  0.56325184874165879  0.57361021859601391
  0.58423019022071865  0.59523216570295712  0.60612348783404302  0.61640675509496134
  0.62655552051543362  0.63692037503745358  0.64760571503750819  0.65852315322089539
  0.66948981210364311  0.68017619435548549  0.69071207663711331  0.70111973116950832
  0.71166233317142413  0.72210023921107613  0.73283114714137854  0.74369893535082798
  0.75420031195988124  0.76409787268710205  0.77429356562531926  0.78497814219456030
  0.79592817146231221  0.80685583719678544  0.81781537695877871  0.82929334381927755
  0.84046061438950592  0.85134232226848205  0.86301247072703058  0.87501811703600352
  0.88577797928284929  0.89651827720086397  0.90727257312900489  0.91800164370247539
  0.92764144388003966  0.93765177420783274  0.94773904950818710  0.95779018806635829
  0.96786922813983567  0.97803251783823464  0.98883386917537153  1.00000000000000000
   1.6752003071191434E-037  -1.0000000000000000     
 T F T F T F T F T F T F T F T F
