 -0.00003666298703601  0.00432956051060373  0.01273721293771743  0.02174968312388465
  0.03082116294181459  0.03979331683237061  0.04845991789869013  0.05694498639880548
  0.06531981398960628  0.07356041529886223  0.08163401446566552  0.08941855808876986
  0.09715935420841124  0.10468330403531009  0.11235642377010929  0.11982188851687754
  0.12710505547764628  0.13435774553566285  0.14145916815472109  0.14842693771975740
  0.15541304895335573  0.16242321950058422  0.16933842068434163  0.17622258125359744
  0.18315049804954203  0.19004493387733298  0.19686515469877425  0.20359241199817357
  0.21019616090760351  0.21694967485728364  0.22364066417424308  0.23030296767558492
  0.23694120605647878  0.24356398142907359  0.25025988156297674  0.25707479666674643
  0.26394893877265752  0.27075943706560418  0.27748888206044936  0.28416244446289568
  0.29077422868555419  0.29738923501744274  0.30425865622540588  0.31122757552221025
  0.31812321028342910  0.32497779163847657  0.33181530957023864  0.33863774976967276
  0.34541728890630274  0.35221193826435837  0.35921775356294100  0.36642400757655663
  0.37357014116710380  0.38074422695091115  0.38795696858503947  0.39519187381490317
  0.40243890809105143  0.40970633789435240  0.41701293411878593  0.42450971904591961
  0.43227614414390125  0.44015063405077126  0.44809805186061502  0.45611415696073754
  0.46419595289190851  0.47232395366864277  0.48053910219797452  0.48877535407006634
  0.49712240198672575  0.50611159229228553  0.51546946952627026  0.52484342169000875
  0.53428570733320579  0.54380914934904800  0.55344735895629216  0.56319441670420534
  0.57302366657987847  0.58305423585914573  0.59345138802835773  0.60416186925990445
  0.61679330921591291  0.62939261038375349  0.64216359772699927  0.65536938302850034
  0.66901303653622313  0.68296354956661764  0.69750669794843534  0.71340984495685067
  0.73271207238883573  0.75337198178603637  0.77526977367861705  0.79941374620078864
  0.82796863160407830  0.86588455828482891  0.92067084436723934  1.00000000000000000
 -0.00287797045675370  0.01064990699815345  0.02182877985487651  0.03257514884896007
  0.04325499306130357  0.05386222282550789  0.06414652017527411  0.07394239917887441
  0.08378234779720721  0.09381197311789752  0.10379585170594822  0.11423610349997265
  0.12471958904751849  0.13509268076642991  0.14544434410705120  0.15569184147651804
  0.16580097597203877  0.17590937706090834  0.18561826103211454  0.19645053674781129
  0.20762502799880461  0.21859129064017613  0.22981359364381021  0.24080338472441593
  0.25181222452280078  0.26247991009436872  0.27330809557140279  0.28446501449957179
  0.29573932629509547  0.30720471498451352  0.31891411554669385  0.33056257690212787
  0.34194175103590785  0.35313459594669688  0.36411439071592133  0.37491666316363181
  0.38578991230202203  0.39696764722302480  0.40866635435240567  0.42075919642885773
  0.43261906298008002  0.44389564152636962  0.45433944238862733  0.46434661576800440
  0.47402380503677688  0.48378584535508129  0.49358340882536794  0.50343676221436406
  0.51358178152069456  0.52398336757974284  0.53443684377420475  0.54487677125583844
  0.55525781688475051  0.56555516206365708  0.57587163142824438  0.58633479704936486
  0.59691629769465315  0.60730051879837732  0.61733064591673548  0.62737246331393559
  0.63742237103110466  0.64767640891781808  0.65813656307964941  0.66874181358260099
  0.67945181194074811  0.69009668045299122  0.70065843962265217  0.71148585483310922
  0.72262832712689018  0.73374591264554945  0.74465384854962802  0.75549899074324456
  0.76627838770629852  0.77642488880397109  0.78607027879323055  0.79585201814968964
  0.80585099884590849  0.81588692319989697  0.82577549442122444  0.83551911902037268
  0.84526122585080232  0.85511080168910991  0.86545488983797925  0.87608793207767943
  0.88652411355591343  0.89712428218187379  0.90794985581166932  0.91891367297489635
  0.92991852262751817  0.94036464713108059  0.95022263442620325  0.96008328609984350
  0.96995459121892025  0.98003467891773921  0.98988472434475339  1.00000000000000000
 -0.00199748639079107  0.00875261430521567  0.01783195243262942  0.02755625261483663
  0.03736262730548432  0.04749340624446221  0.05767199557156567  0.06814005478427704
  0.07906240463715965  0.08984916499215020  0.10116509368683575  0.11269442964874316
  0.12490000734077070  0.13553782514003754  0.14640846982730771  0.15700000691487676
  0.16738139440913111  0.17798698048374870  0.18830552932110303  0.19840342060203348
  0.20808080382598876  0.21779531258190013  0.22810003821203623  0.23846192874508351
  0.24898331778846863  0.25872240940602614  0.26859111346708098  0.27885397966282033
  0.28926980823142595  0.29937959995916535  0.30924895976875666  0.31943352113470347
  0.32992302420960834  0.34020426905574203  0.35026070574175128  0.36047900262091837
  0.37079980974439086  0.38089853372456156  0.39082583533247583  0.40120173145905069
  0.41201870065936597  0.42270859006635703  0.43331110039891796  0.44427335031403825
  0.45571820382996131  0.46753296065827749  0.47937009497531657  0.49149173986441158
  0.50328557042832778  0.51471088024974809  0.52625963257310060  0.53764369782973731
  0.54806014297313677  0.55801001149939533  0.56817470424649730  0.57831476570149010
  0.58811943036623204  0.59759679232749363  0.60749828833590469  0.61785834005384455
  0.62822493713574545  0.63900997279229310  0.65001656869375413  0.66140725905278697
  0.67219624405237366  0.68275057332896694  0.69296812539032948  0.70317760751156722
  0.71343482892138188  0.72358855298447766  0.73364162967351065  0.74389451436646381
  0.75487389151513595  0.76619329866481423  0.77726058078048166  0.78810014838495368
  0.79868113494797222  0.80943565641560877  0.81979910452021432  0.83028155621089628
  0.84037691218469468  0.85048669718355341  0.86114031184962647  0.87220522339388662
  0.88320440578128523  0.89410484439289928  0.90491662509941284  0.91560979912886831
  0.92651858584959890  0.93740758603996799  0.94798896393290955  0.95875508570668255
  0.96868979836729852  0.97900640631036118  0.98936520644639903  1.00000000000000000
 -0.00208770694224776  0.00841955898213138  0.01733820106891945  0.02689792176149785
  0.03642881451540462  0.04609589742680877  0.05608147587504375  0.06612798246219370
  0.07642173617142825  0.08652961816828755  0.09702139348075252  0.10747404324890822
  0.11831046938034248  0.12877150823503239  0.13867639698897929  0.14888086455057084
  0.15954194332016289  0.16986237861972900  0.17985634542077616  0.19009393517771794
  0.20123202894821987  0.21226328718903020  0.22314731937133794  0.23476443062950256
  0.24636418821898975  0.25708582768483568  0.26730567804791328  0.27755602696520926
  0.28795413002740833  0.29836384634375723  0.30877919812330040  0.31912892182481556
  0.32953982719334385  0.34038624260392425  0.35147562857054543  0.36179301357496046
  0.37180227960767415  0.38156983009793199  0.39147009926908327  0.40131067222917388
  0.41119650936415825  0.42131567836507428  0.43196259874300902  0.44285647904548114
  0.45410543216750482  0.46486376137424573  0.47519679330106535  0.48562088771081074
  0.49623019937950219  0.50683447409698279  0.51739927807941166  0.52854908829255742
  0.54009274199956914  0.55139264129210463  0.56249432374410369  0.57398000069207689
  0.58510349250330385  0.59520276727440924  0.60519028507126527  0.61497720714343418
  0.62472363554479737  0.63504584397249453  0.64557507626253652  0.65780180379425102
  0.66978548347238287  0.68183124596201772  0.69429484738427782  0.70664428920141431
  0.71837723842609891  0.72970115945662672  0.74108237233751073  0.75270979091414092
  0.76423185502129798  0.77567540620987763  0.78687693311855478  0.79755065538627101
  0.80806122040591533  0.81836043004476600  0.82854752603927739  0.83865692278379700
  0.84857861735099960  0.85837433867856483  0.86821545616299101  0.87820918206254261
  0.88849663320371297  0.89869034579882989  0.90817377340636263  0.91741176317651529
  0.92682692794054167  0.93653040471804427  0.94627827368740258  0.95621261763528498
  0.96707247139929531  0.97824236756314442  0.98901335691089676  1.00000000000000000
 -0.00179958464196421  0.00834940182480045  0.01740751378601310  0.02716240300900077
  0.03703298988376644  0.04690602612021452  0.05685484278184460  0.06713645932924098
  0.07769820767800964  0.08858873742620212  0.09978902309684926  0.11102779914230246
  0.12220003193918126  0.13260352681278245  0.14238999357151211  0.15249310864516250
  0.16248886713810634  0.17246896154955116  0.18264196939489669  0.19358959901414105
  0.20606613299486953  0.21749459089622450  0.22879286513313946  0.23946628537239997
  0.25014542458064393  0.26009313096739117  0.27039444131252000  0.28028354150414891
  0.29031851053305879  0.30071602594153324  0.31113131061061461  0.32318332524996557
  0.33514315698084102  0.34680688488891565  0.35808175312236484  0.36904874054642561
  0.37980405030514475  0.39056354680805938  0.40161898754105313  0.41299863525680258
  0.42505286087381045  0.43703405580002064  0.44841598281673417  0.45954301490681687
  0.47059032602559153  0.48129330296463418  0.49160556349186346  0.50194416789227203
  0.51251263948276937  0.52283693797913533  0.53277078361630414  0.54285726576040183
  0.55321862482656692  0.56365686845237939  0.57370870541385233  0.58363570069239457
  0.59448960390835548  0.60549585500709657  0.61627743282551439  0.62708994789893169
  0.63854533856224671  0.64951068627353614  0.66008216369630901  0.67060255672423874
  0.68126180343927101  0.69169976004471145  0.70159052876534944  0.71161787410724997
  0.72162624731988412  0.73175457565968693  0.74209965464923433  0.75228895367837412
  0.76241842785534697  0.77241174869038598  0.78245697115670920  0.79233422403208287
  0.80204205192611389  0.81166289544617787  0.82243029273986423  0.83337034538573806
  0.84336305978394432  0.85356016842656923  0.86413220802913127  0.87485233069102264
  0.88507134875515947  0.89523463156550742  0.90549755213989180  0.91592455834268616
  0.92556905845924808  0.93569825805520712  0.94626236834717847  0.95707944646220844
  0.96746166306089643  0.97805203164234145  0.98897113097121925  1.00000000000000000
   1.6540927641729363E-037  -1.0000000000000000     
 T F T F T F T F T F T F T F T F
