 -0.01592294221444332  0.11150495867787578  0.16727661193868659  0.20679232115694426
  0.24008748183712753  0.26830168883574379  0.29323375790473227  0.31610840861663286
  0.33726429237783839  0.35648622077890230  0.37383956841976312  0.39053310199224772
  0.40675698267560018  0.42239793589220198  0.43740037445271740  0.45146586104587438
  0.46505463427197163  0.47771945157943208  0.49024627398111648  0.50251167022876320
  0.51465187181416228  0.52612084605471654  0.53703492542971698  0.54748692237723962
  0.55782028829964259  0.56799391114506237  0.57785366156194418  0.58739915205420568
  0.59673892326348121  0.60596861504135691  0.61487771373196809  0.62349993745912169
  0.63178910443237524  0.63999354906468908  0.64812902912888637  0.65619062377633874
  0.66424017309824634  0.67222158621956529  0.68004920128951030  0.68776341249757855
  0.69542175371781145  0.70296243556894877  0.71035730454007640  0.71767778806424820
  0.72497004143849109  0.73222718684756882  0.73942354801276866  0.74659892217195289
  0.75349368872206135  0.76013209069504972  0.76664980978055797  0.77321325048700884
  0.77969257774063472  0.78616555677784172  0.79247775706789558  0.79859649240920350
  0.80463701217148298  0.81063220355602061  0.81651015065917698  0.82228337732152024
  0.82807886591979674  0.83388502767753059  0.83953896733628541  0.84515909786205912
  0.85050430822471235  0.85584262910494469  0.86124472203754765  0.86666923903059334
  0.87208986035092095  0.87742240533511784  0.88261276975332803  0.88772592441481935
  0.89282606588020186  0.89784445777583433  0.90276942832334117  0.90756965348999796
  0.91235807830795401  0.91716511687084012  0.92191539014792179  0.92663232606778823
  0.93122533319057632  0.93577815868080783  0.94035254000348900  0.94496279098789893
  0.94958497557215948  0.95417903024931205  0.95889659235779334  0.96362161510878674
  0.96841014215545718  0.97313497913947844  0.97766631756131794  0.98207225408651933
  0.98646507403826333  0.99091506058043466  0.99543279323176481  1.00000000000000000
 -0.00283017108271965  0.01040282644869155  0.02148619184760494  0.03219758503179013
  0.04284969896737832  0.05308422550157239  0.06331955555338302  0.07267508982429330
  0.08244947292010243  0.09298311642845321  0.10379653149043858  0.11455791222032133
  0.12512043598090342  0.13569543341869444  0.14631547038810849  0.15747923718435913
  0.16812174897154245  0.17884956661475901  0.18973795475016667  0.20166594531240217
  0.21306573074231219  0.22348224594702071  0.23426789247192548  0.24458678398517292
  0.25497243255177809  0.26478211084428249  0.27496814490366400  0.28542270607793785
  0.29656106774208441  0.30815912917741994  0.31975282025742818  0.33077418843543249
  0.34151317162263639  0.35248644788960598  0.36364468855294901  0.37465243521037245
  0.38550394309049246  0.39620205711392048  0.40673389348767985  0.41704432272196407
  0.42729233807648936  0.43770807218223301  0.44849311166324579  0.45940112385124038
  0.47033400620839111  0.48125622567739312  0.49225969781530482  0.50345564716796054
  0.51463023783330442  0.52567137379021933  0.53650113742678263  0.54703011551806746
  0.55745757281842501  0.56795012317347349  0.57850538359783710  0.58887654978915505
  0.59896773974908879  0.60929812084913582  0.61994620104746578  0.63057979145419285
  0.64105466508246245  0.65146446566825289  0.66175558621754993  0.67189372085279297
  0.68193236916496103  0.69210493649312688  0.70238445730586985  0.71283360082501201
  0.72337082398515362  0.73374627096165246  0.74394030727517835  0.75427650127478629
  0.76465138270270872  0.77489102116981501  0.78502257171260803  0.79518153762564647
  0.80537521474791840  0.81557741818686103  0.82585794472835172  0.83636269446287448
  0.84698703654113638  0.85748583959427238  0.86788787535211342  0.87820721794504786
  0.88857242675372894  0.89852853995431159  0.90832758028128535  0.91826900826812996
  0.92857692077863341  0.93873771388948191  0.94843780546997558  0.95809298561674860
  0.96871435344166945  0.97918967901653098  0.98968863918524141  1.00000000000000000
  0.00372313803567813  0.01062537633243995  0.01876810514788405  0.02795758630486112
  0.03780093022424371  0.04780044101094950  0.05779741265140165  0.06829659627200563
  0.07892969257446612  0.08967017142078357  0.10011151713453800  0.11117158557876536
  0.12233418324522322  0.13311688880615746  0.14381831483534968  0.15438060916176383
  0.16476125465247726  0.17482141974484922  0.18457324584351770  0.19450052168768855
  0.20430968598449625  0.21418752404813743  0.22403440174400893  0.23411587591777883
  0.24464491404956268  0.25541424852149047  0.26625735556314134  0.27720086501706304
  0.28817054412604959  0.29938864910933399  0.31031953055781597  0.32073069128702469
  0.33100499750178269  0.34117446597971052  0.35135370522269732  0.36135121478341098
  0.37122517737214566  0.38122989092667792  0.39151882634691687  0.40190591218672872
  0.41234825225809851  0.42247039918343354  0.43275958731440589  0.44295720919744502
  0.45318570314216000  0.46343850210992216  0.47384024949100784  0.48412494781283161
  0.49445734380451778  0.50495528980557991  0.51591017899801950  0.52647038967895798
  0.53687863012167147  0.54744707131058301  0.55809845464763530  0.56886452155346756
  0.57949854893522434  0.59017142003374334  0.60096551787299424  0.61212458095809086
  0.62346375219620476  0.63426236883101561  0.64488061464119451  0.65566780905845978
  0.66653214241233749  0.67718570668977252  0.68771983446100216  0.69812630942695519
  0.70843508123260612  0.71883554588746057  0.72927180970692707  0.73977028884040452
  0.75050517824255780  0.76110768305430410  0.77163842468084232  0.78183235128809692
  0.79193717968793020  0.80203738552608150  0.81185923016483130  0.82208051458037201
  0.83255512517087027  0.84337143978021856  0.85417389443086966  0.86490273631788162
  0.87557708194685180  0.88625301034901438  0.89685293361434126  0.90726640646524670
  0.91773888032969142  0.92882599888052131  0.94005570271696093  0.95206274403108160
  0.96370534359497040  0.97545831214833434  0.98739975123469814  1.00000000000000000
 -0.01786685338120535  0.11264883883430098  0.16079808608771162  0.19528100978595059
  0.22365344860994588  0.24728237651514082  0.26830384520924361  0.28775249049666679
  0.30544128071183752  0.32170016255615663  0.33702308477171922  0.35166116133688730
  0.36592592937677770  0.37985701660889282  0.39326588517685346  0.40596947265162875
  0.41856311348509029  0.43125529532505968  0.44381067689429088  0.45599374940082044
  0.46797071934461065  0.47989957917022413  0.49107480348705723  0.50185663995436303
  0.51222124621144627  0.52249471229842337  0.53252760584175085  0.54256550044919205
  0.55232326176219593  0.56174097524001343  0.57077297367066282  0.57977034404991046
  0.58841860563877058  0.59675123598863355  0.60503038000822529  0.61299325543041849
  0.62103097230985005  0.62868359772131377  0.63623589496562927  0.64368363326647871
  0.65105505807848341  0.65828404538679741  0.66520410292324017  0.67194480501068876
  0.67871109399537466  0.68553134926935710  0.69210221412239459  0.69838104967326553
  0.70449872036024830  0.71037841980515026  0.71597716645184484  0.72150709833570070
  0.72700139614261672  0.73233234591288077  0.73747211916038546  0.74250308036225110
  0.74746139934539213  0.75238683392049566  0.75733390842618353  0.76229413445282113
  0.76723321530553401  0.77207021447858681  0.77678463354786409  0.78142002551305290
  0.78602443189094517  0.79062449158112391  0.79522120009574515  0.79976897418060444
  0.80416899226253746  0.80849162138046926  0.81287442683296807  0.81735435195518669
  0.82189282338026581  0.82645693547554122  0.83102953743915930  0.83557483421749301
  0.84022560596469009  0.84492874188191291  0.84969061012693847  0.85459250103078033
  0.85963863831902754  0.86479079893247701  0.86996905199013086  0.87500095408129130
  0.88016853422829711  0.88537306014404404  0.89080182471337943  0.89658883479206675
  0.90277412229922638  0.90926382999722111  0.91609214330816768  0.92381553776715086
  0.93276959503107781  0.94410527919131881  0.96185652333841287  1.00000000000000000
   8.0889399486828958E-007  -1.0000000000000000     
 F F F F F F F F F F F F F F F F F F F F F F F F F F F F F F F F
  <DiscreteSampler_grid>
  grouped_processes
  1 # 1 for a reference and 2 for a running grid.
  10 # Attribute 'min_bin_probing_points' of the grid.
  1 # Attribute 'grid_mode' of the grid. 1=='default',2=='initialization'
  0.0000000000000000 # Attribute 'small_contrib_threshold' of the grid.
  0.5000000000000000 # Attribute 'damping_power' of the grid.
 # binID   n_entries weight   weight_sqr   abs_weight
    10   10   7.220128214974907E+003   1.560318990566747E+008   7.220128214974907E+003
    11   10   7.220128214974907E+003   1.560318990566747E+008   7.220128214974907E+003
  </DiscreteSampler_grid>
