 -0.00245101972822667  0.00967338780709326  0.01988885159945537  0.03041566391534166
  0.04096020923300887  0.05150115935515127  0.06204398076055859  0.07258771479020776
  0.08313441661462236  0.09368508750522984  0.10423526265736296  0.11478063381573630
  0.12532246896054192  0.13586518280557935  0.14641117549454255  0.15696054930858755
  0.16751072326851607  0.17805982337634130  0.18860480284940756  0.19914875072177163
  0.20969146424277363  0.22023771615300608  0.23078514406488704  0.24133643051626325
  0.25188467248056845  0.26243266248461850  0.27297543754384102  0.28352092113357785
  0.29406758391887616  0.30461991974909985  0.31516099658417734  0.32570186594521061
  0.33624065064413022  0.34679349661696596  0.35734042535860072  0.36788798707949150
  0.37843305590429954  0.38898267531445230  0.39952768913467013  0.41006957856670662
  0.42061207573556930  0.43115942247517230  0.44170650725058552  0.45224904989876635
  0.46278770028472277  0.47332553259038479  0.48385353851270846  0.49438579162921120
  0.50491303856120118  0.51545218915545399  0.52599046706317754  0.53653762066334998
  0.54708239146279325  0.55762872593370572  0.56816253730251876  0.57869448120075040
  0.58921402349679464  0.59974838314306889  0.61028939234561985  0.62083165001205831
  0.63137300370960203  0.64191068518893679  0.65245812642616297  0.66300496997191571
  0.67355004472861546  0.68409446181470179  0.69463862302114288  0.70518736909333934
  0.71573406374808801  0.72628096637917339  0.73682856005052677  0.74735399957889947
  0.75788130866121484  0.76839146440822392  0.77891541504667849  0.78943340049852750
  0.79996782414923329  0.81051320302291308  0.82106104494765020  0.83161011337641599
  0.84214867791064940  0.85269004851788188  0.86322474306122943  0.87376955329727757
  0.88428880524768827  0.89481736569274095  0.90534526052754061  0.91589737879394340
  0.92643061981602326  0.93696707036111904  0.94749799985715666  0.95805162328187365
  0.96855413939710577  0.97907266467013709  0.98954181146094500  1.00000000000000000
 -0.00202043759102947  0.00993480740854292  0.02018783507121297  0.03074014089790111
  0.04128988863506539  0.05182809613513756  0.06235485318297997  0.07288725504597328
  0.08342930565983511  0.09398196340857730  0.10453252834709151  0.11507819825941695
  0.12562518704158593  0.13617182608227366  0.14672316676970454  0.15727496176755609
  0.16781519472934164  0.17835638045346128  0.18889598245390737  0.19944807720125257
  0.20999230680865050  0.22053661515935999  0.23107542660739711  0.24162049723458429
  0.25216806983902201  0.26270623558996464  0.27324514567458968  0.28378288608636126
  0.29433493259888288  0.30488159809579041  0.31542327752196864  0.32596565571109115
  0.33651343608715234  0.34706493737183036  0.35761173538525948  0.36815811621765515
  0.37870081116510895  0.38924792727824847  0.39979636947200237  0.41034913571717102
  0.42090147520681348  0.43145491017444626  0.44198767330239447  0.45252168748347782
  0.46305397224303524  0.47360307442178340  0.48414458080377620  0.49468612704537090
  0.50522833412739010  0.51576382132327259  0.52630051223090768  0.53683993182957923
  0.54739390894713025  0.55793363346665314  0.56847450663291532  0.57900989826133753
  0.58954403190834470  0.60007110666604713  0.61059651029937523  0.62113646015440549
  0.63166632377006660  0.64220041652866422  0.65272226731791405  0.66326172474736877
  0.67380519359661795  0.68434602575604753  0.69487064011256572  0.70538326865168222
  0.71590138350404675  0.72642068415170391  0.73694589530124666  0.74746425623291446
  0.75799814379645314  0.76851659923205506  0.77905152454950166  0.78957429710605342
  0.80011058092995568  0.81064208210572741  0.82118376713811581  0.83173298339131663
  0.84226836789677706  0.85280491587045004  0.86333341132914321  0.87387947467220217
  0.88442400637266727  0.89497540566867828  0.90551234691012483  0.91603099657373921
  0.92655141966401111  0.93708679805308026  0.94763932787908922  0.95820718434970154
  0.96865821808192332  0.97914504982041461  0.98956703470890295  1.00000000000000000
   2.1733606946987298E-025  -1.0000000000000000     
 F T T F
