 -0.00102899841375546  0.00402546776319330  0.00874618595088632  0.01336497141486707
  0.01799510726846103  0.02257757592976624  0.02708347874584130  0.03166464732510283
  0.03625460624191624  0.04091375818938118  0.04563795213903274  0.05038939694212363
  0.05515941458220135  0.05999706756662999  0.06491308443336044  0.06985754424690704
  0.07477862881811442  0.07962972726216587  0.08451763088689129  0.08953276982374746
  0.09468200257082050  0.09990699770322652  0.10514025546538185  0.11034984255677061
  0.11561096647076644  0.12094106201992726  0.12619559700342176  0.13148518316622629
  0.13676582793495240  0.14214082953138349  0.14758548129363494  0.15308578434788167
  0.15853896689239511  0.16397514276369785  0.16951424813475321  0.17519366848117102
  0.18094499527026764  0.18671336033854616  0.19248354283375729  0.19823549138134997
  0.20400525576725162  0.20993940163900138  0.21612860640715059  0.22247765754892912
  0.22881553988153136  0.23525249638079937  0.24162201116673082  0.24805182171878642
  0.25462006707373719  0.26131034137681303  0.26809860519718193  0.27504938016396102
  0.28220680195032438  0.28940784636195099  0.29689382869682551  0.30448898858356599
  0.31221998417287167  0.32018863419045868  0.32825272843198317  0.33635379612950417
  0.34452078320330337  0.35285791488333201  0.36128905062196137  0.36983185099772320
  0.37850032664133559  0.38744509104786895  0.39662828724613408  0.40587005767705331
  0.41514404848403230  0.42453745972860280  0.43420302759324869  0.44429063413712505
  0.45493426896807154  0.46597048316287876  0.47723223025624184  0.48865654817095699
  0.50023977104742556  0.51198520557499694  0.52417845773247973  0.53689585900766423
  0.55011401832152129  0.56385054292972137  0.57847691612088592  0.59366441244840507
  0.60961363784756339  0.62633883654300138  0.64390357049869718  0.66287425094474839
  0.68321760155168421  0.70529943032851961  0.72924287389725351  0.75657667394704875
  0.78917980737131443  0.82808977608659373  0.88500366450803358  1.00000000000000000
 -0.00203762757012431  0.01024033619995230  0.02135157088524627  0.03246642781497810
  0.04370472505023653  0.05394826679195455  0.06446254357764387  0.07463290710870044
  0.08528486283236450  0.09548575473250072  0.10567419287888893  0.11617207526782258
  0.12656137634462847  0.13731162310727726  0.14817407759351492  0.15941662596531272
  0.17035606145115492  0.18094103770524533  0.19127661876234897  0.20138400274358328
  0.21169059698904730  0.22211048371085140  0.23260367574501617  0.24313892162933254
  0.25368615677617057  0.26420886657157744  0.27470778874782542  0.28543620952343707
  0.29636314571416988  0.30728217281711984  0.31793088971947514  0.32838356355156278
  0.33879892526439859  0.34927356699854317  0.36003895797550423  0.37120403307993699
  0.38258352435183507  0.39395464668634889  0.40521716947690922  0.41606982609170928
  0.42643277454774897  0.43664943026392816  0.44684134296192807  0.45685153789922772
  0.46662233705611217  0.47651260267406337  0.48678686666682325  0.49735579317308704
  0.50767601132404461  0.51767912921561610  0.52768652312748265  0.53781316227909259
  0.54850407884212393  0.55941469919289177  0.57033761986288234  0.58128225772961106
  0.59175591279460737  0.60206915898026137  0.61266404302145394  0.62347328477135089
  0.63390739422575826  0.64390899995737627  0.65420562739880972  0.66492391342820245
  0.67534239419330466  0.68572482800926260  0.69624050147800609  0.70675334479570129
  0.71678556187556552  0.72681852874276287  0.73700061664115868  0.74719168340247621
  0.75743273905215902  0.76744378246064104  0.77773633422897459  0.78843707002471741
  0.79949561728262031  0.81080763037278758  0.82177576613387160  0.83273103278021277
  0.84314489651508817  0.85358902780800250  0.86410591927332092  0.87468985010637690
  0.88493119958024424  0.89527480453950736  0.90582578337460440  0.91651441859254257
  0.92700076008708809  0.93742345085711798  0.94806944977687357  0.95865651492407244
  0.96900123965761409  0.97936781930026318  0.98951873142273605  1.00000000000000000
  0.00375199459697837  0.00970089379231308  0.01821808101402888  0.02759664990873223
  0.03706054440818761  0.04693274416765957  0.05681029058175049  0.06655963227035147
  0.07644514861785101  0.08674806930179639  0.09741277090963368  0.10806946538760882
  0.11833867192955047  0.12900381649510362  0.13975864748399916  0.15044876198559232
  0.16082627146032868  0.17139233233187079  0.18163590712474928  0.19179799794872721
  0.20195692535713577  0.21223899972062660  0.22267766028837735  0.23356085200259338
  0.24479383769080615  0.25603570858531710  0.26691649545348256  0.27715085325709060
  0.28698185080345989  0.29699632840991885  0.30741352272821282  0.31794929144591078
  0.32834377388404284  0.33884146917398456  0.34965114441200962  0.36038267549266240
  0.37123367944360852  0.38188099372984458  0.39224481916797949  0.40224363425336268
  0.41211666212496567  0.42210704858605158  0.43210581826324868  0.44217827525301484
  0.45264741827587585  0.46308868038456336  0.47340264944070626  0.48363468438394946
  0.49400221298323221  0.50439972466986394  0.51486484313546521  0.52557654810753496
  0.53620613168385367  0.54673218200716256  0.55724864691374243  0.56779375489726658
  0.57826383932538006  0.58883776193482706  0.59940543328872875  0.60985725101706567
  0.62034720916302477  0.63062481908405710  0.64080065594923519  0.65081841822605124
  0.66088678639681142  0.67102046169433249  0.68101433647611953  0.69113073737421926
  0.70162127778270578  0.71225735994306327  0.72300545426881246  0.73359702768250357
  0.74415207142009354  0.75502293229145090  0.76614554492293740  0.77711404751441260
  0.78797441176917271  0.79918830877912062  0.81083480565556409  0.82178557148215736
  0.83256015090152291  0.84282702419269773  0.85339212316256607  0.86387533791548055
  0.87463551541093576  0.88555854756029972  0.89640090038056697  0.90740226487640929
  0.91831951309319160  0.92966587385275312  0.94120211647856855  0.95270581705403501
  0.96425187326240114  0.97609376140856807  0.98789628172537858  1.00000000000000000
 -0.01896887839824770  0.11770490304699401  0.16126446345414436  0.19050929377528714
  0.21543455945167392  0.23756828726096285  0.25727902766044536  0.27472159165656351
  0.29045461671970302  0.30517552067401471  0.31924202369578519  0.33274399920546782
  0.34577429145232186  0.35812819574427807  0.36978829659209378  0.38102522950919054
  0.39211576149056088  0.40285394011533426  0.41326940244472526  0.42338225520980888
  0.43338658082100479  0.44313983229143306  0.45272425488206769  0.46207309589479739
  0.47144960563916272  0.48072424914876227  0.48995802840519564  0.49909488521183276
  0.50778556191579038  0.51615759626671998  0.52432009093116505  0.53236012588487303
  0.54032760191959872  0.54863173726562442  0.55670044918204642  0.56490036338091054
  0.57291344288017509  0.58081339964162759  0.58848688036281549  0.59604230234263988
  0.60354204893459806  0.61080187246306017  0.61788438517952837  0.62483924939430091
  0.63166448920516571  0.63848263213426015  0.64528971505455746  0.65195251853488734
  0.65845989319573217  0.66489570077044424  0.67116150955565224  0.67730602044414245
  0.68348126942642629  0.68951174357135048  0.69548196179475685  0.70136810151660367
  0.70708965071886321  0.71261757016919403  0.71799000530001200  0.72326488782522003
  0.72850255520662666  0.73377916011116306  0.73913284969995463  0.74450076427914735
  0.74983809137646429  0.75516880980414203  0.76054124694480352  0.76586763969714566
  0.77118952427225707  0.77649505365584348  0.78178536303445123  0.78709414924234888
  0.79239886888849020  0.79761873226675284  0.80275466368459880  0.80780563220054458
  0.81281212150378912  0.81781986029009390  0.82293575726760937  0.82815462433188280
  0.83350452215047077  0.83898274041794219  0.84457343286727893  0.85029492461538381
  0.85618782575280827  0.86224201556611557  0.86836976211829431  0.87468538810036833
  0.88164907138956694  0.88912887057961276  0.89725188812166934  0.90647097879786231
  0.91724325194976364  0.93117334112370331  0.95231261999277161  1.00000000000000000
   4.9044167384111078E-007  -1.0000000000000000     
 F F F F F F F F F F F F F F F F F F F F F F F F F F F F F F F F
  <DiscreteSampler_grid>
  grouped_processes
  1 # 1 for a reference and 2 for a running grid.
  10 # Attribute 'min_bin_probing_points' of the grid.
  1 # Attribute 'grid_mode' of the grid. 1=='default',2=='initialization'
  0.0000000000000000 # Attribute 'small_contrib_threshold' of the grid.
  0.5000000000000000 # Attribute 'damping_power' of the grid.
 # binID   n_entries weight   weight_sqr   abs_weight
    10   10   4.569863116774185E+003   4.848238225320783E+007   4.569863116774185E+003
    11   10   4.569863116774183E+003   4.848238225320783E+007   4.569863116774183E+003
  </DiscreteSampler_grid>
