 -0.00225914010039796  0.00959912212625232  0.01976722596763375  0.03028350823432641
  0.04081908345710877  0.05136565264477955  0.06191151864315959  0.07245228920088864
  0.08298199541302079  0.09351009825983447  0.10405170252547914  0.11460209237614748
  0.12515415049047757  0.13570457789969281  0.14623910568049742  0.15676643214991751
  0.16728809974047482  0.17782770887889515  0.18837383434169883  0.19892657172445399
  0.20947425749655635  0.22001884481772019  0.23056145049501475  0.24110718634601630
  0.25165805984155681  0.26219982876231401  0.27273871390989807  0.28327511529150651
  0.29381569811498698  0.30435597949975263  0.31489618099271754  0.32544439181724227
  0.33598781564659413  0.34653178037441779  0.35706840434546749  0.36759790524983715
  0.37812880910432967  0.38866311490379502  0.39921160433941688  0.40975529174944836
  0.42029687239330310  0.43083040586097238  0.44136412451784746  0.45190064021324655
  0.46244872423404376  0.47299973337821227  0.48354077038769394  0.49408037089018958
  0.50461144187993889  0.51514741842860690  0.52568187879813555  0.53622518971191735
  0.54677033440678990  0.55731080633654673  0.56785101234987045  0.57839640816760329
  0.58894866856288020  0.59948442408661717  0.61002072386356687  0.62055555486240010
  0.63110524988343042  0.64164715064420674  0.65218711179677946  0.66272847842789673
  0.67327117223247623  0.68380814269179813  0.69434032534490164  0.70487114529123807
  0.71540510585571793  0.72593812722217621  0.73648306904539595  0.74703326039392615
  0.75757620916069834  0.76810822951517510  0.77863799991958071  0.78917558373964347
  0.79971812194594694  0.81026342466561840  0.82080686636973454  0.83134618136803695
  0.84188304493127297  0.85243027847649977  0.86298192989609068  0.87353713430428837
  0.88408839227677816  0.89463896467844373  0.90518758069887117  0.91573575956090181
  0.92628165622202663  0.93682986981565686  0.94736936384396786  0.95792231292875230
  0.96843489181857334  0.97897067217732192  0.98948457046995164  1.00000000000000000
 -0.00247019935003928  0.00996066273395350  0.02025474168238549  0.03077762286225968
  0.04131965747575423  0.05184476576418601  0.06238324634204104  0.07292018856964703
  0.08347012712894586  0.09402081064888869  0.10457293191330330  0.11510951340794012
  0.12565056589518744  0.13619024327990084  0.14674150572320624  0.15729113283319779
  0.16784198084463209  0.17839297156886563  0.18894466989037578  0.19949459024649294
  0.21004294603826573  0.22058649645904899  0.23111452253707079  0.24164972486921810
  0.25218943610385747  0.26274467503208482  0.27329975274709034  0.28384264349627208
  0.29438093552985473  0.30491844935358137  0.31546940093473808  0.32601036819331397
  0.33654038337856157  0.34707027830364073  0.35761539739350767  0.36816828510201555
  0.37869860790362886  0.38922464789491013  0.39974951326369751  0.41029590346434380
  0.42084766783590632  0.43138247799341095  0.44191783390170652  0.45245207167694168
  0.46300685428390692  0.47355849736768862  0.48409547661662450  0.49463406009556432
  0.50517762614460571  0.51571781187536658  0.52625265960328749  0.53678105878655558
  0.54731872430045947  0.55784999173377126  0.56838856805272675  0.57891502480502910
  0.58945319111323025  0.59998859572386809  0.61054470306746322  0.62109915821156603
  0.63164796428436021  0.64219317886866045  0.65273483726271164  0.66328550756325055
  0.67381079832786894  0.68432806279718594  0.69482720503187079  0.70534469215358186
  0.71587497162808589  0.72642024871686028  0.73696283218369352  0.74750472770956122
  0.75804597153205489  0.76859991161860286  0.77915612369125387  0.78970004106075475
  0.80023263639227760  0.81076379848817726  0.82130763353888026  0.83186249293026060
  0.84241809913747356  0.85297349581993143  0.86352558353474340  0.87407670401051130
  0.88462756379553142  0.89518284023724803  0.90573322336356121  0.91627900618054314
  0.92682395321439426  0.93736909747317365  0.94791959034788398  0.95849827803271204
  0.96888613016401504  0.97932467313791738  0.98964997127400511  1.00000000000000000
   2.8058163897258992E-018  -1.0000000000000000     
 F T T F
