 -0.00000040187552800  0.00006669460572497  0.00042437427845437  0.00113356708130436
  0.00220347478390022  0.00365345832455248  0.00539947922108915  0.00745285056539865
  0.00972378006283287  0.01216734627676106  0.01487496122754292  0.01781179094911504
  0.02099370994842755  0.02442857983321881  0.02790331937774733  0.03165636614513508
  0.03546218207844691  0.03947505337600871  0.04368542739344653  0.04809137622187166
  0.05256430980061106  0.05708954194148518  0.06175117286814891  0.06664796192974565
  0.07170958860357797  0.07687804260775660  0.08199794027491861  0.08710043415364838
  0.09243991606870972  0.09781102846591565  0.10325327281453207  0.10883780480966196
  0.11459435001130759  0.12030162525140223  0.12625386777906905  0.13242843290790005
  0.13877593632146520  0.14500125662007649  0.15127751228530389  0.15772116601809499
  0.16428501273654597  0.17086327767750933  0.17740109575207896  0.18401227985512991
  0.19077792764406010  0.19768056489731720  0.20455425653011114  0.21143990236557747
  0.21839577743610572  0.22546596937302543  0.23277595281245694  0.24024018537620437
  0.24785829102182652  0.25546059252213554  0.26303475350524258  0.27072994952890223
  0.27869492249991384  0.28696176504854298  0.29529290974023431  0.30363611295744442
  0.31176978193695076  0.32018629583641350  0.32905378773841554  0.33821302061740754
  0.34726278369512975  0.35634176388928068  0.36538316804361998  0.37451882057762009
  0.38388510621998412  0.39363930580760292  0.40401193879972858  0.41466444053614615
  0.42545482427771114  0.43638725591129496  0.44735975905139003  0.45836282312061605
  0.46976155615200021  0.48294919559484262  0.49622961516489206  0.50967670504792539
  0.52339960251726825  0.53744801328040670  0.55175411384230322  0.56646507359154841
  0.58397126539360122  0.60271081913977043  0.62216476228957318  0.64254412826979779
  0.66355089992223792  0.68744636504262979  0.71433609778752649  0.74531557365890699
  0.78014076584098679  0.82551682059651665  0.89434644134572538  1.00000000000000000
 -0.00230872790130291  0.00873381805648038  0.01847288831665084  0.02865015143946627
  0.03889126505181344  0.04859503663304075  0.05832421509094535  0.06829147366198574
  0.07848795553228358  0.08806188329112674  0.09750419147198972  0.10699052626848909
  0.11659982918188896  0.12639908627549581  0.13663348200223491  0.14712503442223582
  0.15774548415390366  0.16831767451502017  0.17902499916106937  0.18965304900294178
  0.19973701199210533  0.20950006862899972  0.21949004192730137  0.22966583258575091
  0.24005133384349153  0.25078555449372786  0.26175444756852023  0.27241078226419951
  0.28258830373768512  0.29338157935448034  0.30456673269340306  0.31526270422259794
  0.32534961929931916  0.33509543045025009  0.34479240001459982  0.35470745689039862
  0.36497112040973673  0.37559853899605894  0.38614538738336612  0.39640120298839931
  0.40663582444478436  0.41730463224480130  0.42816363527753587  0.43885411457252071
  0.44957608760398760  0.46062616881121415  0.47196417654955075  0.48313065673795619
  0.49394474035924568  0.50423532113977010  0.51398726944072781  0.52383210719151463
  0.53400681751780021  0.54438014699642101  0.55478510446667340  0.56519737775772450
  0.57562914911856244  0.58593115129483864  0.59644933290077229  0.60734485983334829
  0.61846856627346847  0.62998576951303498  0.64177267848733099  0.65327298798815381
  0.66429158169381386  0.67463965278135285  0.68457579273017743  0.69458456253108558
  0.70439453883021574  0.71413363881406489  0.72391995682736709  0.73394561673417080
  0.74464690326870919  0.75531348929927422  0.76585940746527581  0.77638848475313782
  0.78693937761453570  0.79831898174397609  0.80995939847918730  0.82141820688971023
  0.83223202180179889  0.84253252457114225  0.85315576646393398  0.86407556445417377
  0.87495640174180411  0.88573070663732778  0.89630540524206592  0.90688679174195075
  0.91740769620132823  0.92789035510670903  0.93899785914157730  0.95098198690760383
  0.96330151893876093  0.97562654520505199  0.98784177380487825  1.00000000000000000
 -0.00257876319492754  0.00954689401229557  0.02036492755098777  0.03091738207975727
  0.04155279763856796  0.05211181222038477  0.06278598874788731  0.07338719479574615
  0.08377418126148499  0.09387436432468677  0.10395928502518047  0.11436014215572295
  0.12471903882572542  0.13476402365286580  0.14503161038252207  0.15570540131017566
  0.16629219907799861  0.17636382812833856  0.18639293277055144  0.19666576652811907
  0.20756700172121234  0.21920664559395731  0.23150149741787657  0.24387282494849372
  0.25604065219623945  0.26786013966365840  0.27871875704540167  0.28954442717438467
  0.29996365619658727  0.31060512241985860  0.32050540919721593  0.33048976477334874
  0.34032499079185508  0.35063547241640497  0.36116364547511631  0.37142058575441855
  0.38178991400990236  0.39228246250240301  0.40295956501956942  0.41355826626791048
  0.42356605114684576  0.43352428662027276  0.44393603078031418  0.45418971582626638
  0.46425243210387879  0.47412898355436256  0.48450185949985164  0.49571250008161161
  0.50639145888357917  0.51639974132402655  0.52618488591810286  0.53566361452693600
  0.54541438764904160  0.55545341773265700  0.56601019263245111  0.57705790559212888
  0.58864780185494270  0.60070574748007133  0.61236240048838819  0.62341255434558296
  0.63418570136046337  0.64481141016181176  0.65590703961179009  0.66750220488111811
  0.67926462404448384  0.69015607163472170  0.70023908112197175  0.70997321218471776
  0.71950615174507526  0.72939257073652786  0.73919091760127409  0.74926041043033687
  0.75953604838585220  0.76976173953238347  0.78053239682364839  0.79167406712141997
  0.80276849990554267  0.81343240001761574  0.82297257114743905  0.83271911452481984
  0.84282274125494994  0.85321773032833825  0.86317011420687051  0.87311803162761592
  0.88359668905131006  0.89425444057006287  0.90473313813191636  0.91553279761236150
  0.92653074895791876  0.93754524686965302  0.94844175799180330  0.95959464401899586
  0.96967254207863052  0.97948748379124895  0.98961727467711758  1.00000000000000000
 -0.00218819667822435  0.00914876606849235  0.01937873549869207  0.03019240624171219
  0.04104403326873372  0.05202960432233192  0.06302911776393515  0.07390248915221120
  0.08408038374733801  0.09477193376669701  0.10557909554516601  0.11727197475406503
  0.12850299974705684  0.13898716445897799  0.14942877922324985  0.15985899132806419
  0.17026581785350645  0.18026651721941608  0.19019706539278661  0.20027592893669238
  0.21043159316107957  0.22079567232552449  0.23128746076042042  0.24219940395776512
  0.25287546875832484  0.26348338352291573  0.27429418287512458  0.28464960957929475
  0.29497638465970355  0.30475435768425091  0.31465529857593005  0.32438289846612595
  0.33431159408201039  0.34418062819537765  0.35399930449865080  0.36364984156418978
  0.37324589790518353  0.38273126296566873  0.39202153941900481  0.40190380095862183
  0.41222214540067265  0.42278908733831710  0.43327745739235385  0.44403320528046247
  0.45492496645876596  0.46573935135503752  0.47624964673446529  0.48684597382754435
  0.49741907769395660  0.50833142910084805  0.51978555093021028  0.53190067092071147
  0.54421023123309165  0.55587353649281901  0.56726311016859698  0.57827487655033438
  0.58890017785332782  0.59865208892484501  0.60869131400974641  0.61927467317507656
  0.62987174762888720  0.64062934821435336  0.65185362469363106  0.66307019855605998
  0.67280527318738226  0.68175267598740341  0.69085728589735229  0.70020419085513663
  0.70958574290570686  0.71903886318321786  0.72861298712622746  0.73862068832950367
  0.74895333936250152  0.75970836055180491  0.77053004018982840  0.78088760623464171
  0.79063920557856859  0.80041324552253390  0.81050088068896686  0.82099016975862837
  0.83155636595659055  0.84265312126758607  0.85381402764355030  0.86458499147505097
  0.87514439005266564  0.88582746365107623  0.89646361858934676  0.90709264854469451
  0.91815835658235911  0.93056409660432304  0.94421251800563510  0.95845716481256105
  0.96977046474526363  0.98037026274268457  0.99014635894320902  1.00000000000000000
 -0.00247517146891156  0.01013317934407100  0.02036405218332664  0.03126757009024894
  0.04171851762976293  0.05217467325058162  0.06278362699695735  0.07260145299978353
  0.08252453937898066  0.09288488111790735  0.10354920176122416  0.11363442014090573
  0.12384871166601279  0.13473369580136343  0.14589302999969012  0.15606244069930775
  0.16634818254935532  0.17681045759508812  0.18705348434769201  0.19680923688216084
  0.20657892360208510  0.21677476612944055  0.22746252543948595  0.23854351871191659
  0.25046184290018086  0.26265220728406202  0.27477061715940082  0.28591984559668576
  0.29713539557097329  0.30904098320831641  0.32036111600589773  0.33187763975385054
  0.34285111346815361  0.35379533218414422  0.36449243079533900  0.37533177965165365
  0.38625194962350995  0.39692913901330018  0.40732423384927163  0.41775700225620516
  0.42804756710553810  0.43792324895079926  0.44765771302805279  0.45719091469698109
  0.46699534246959595  0.47719787309659201  0.48837465901151356  0.49943571763721034
  0.51073091318916952  0.52195770138881903  0.53361045105757399  0.54488214698667936
  0.55653401063938546  0.56726564720493167  0.57736928174067181  0.58745923238883546
  0.59759762567512953  0.60770311104934516  0.61773697348731826  0.62779083455824958
  0.63816693712896844  0.64803139731847836  0.65745839653883043  0.66701622976391761
  0.67684680521688723  0.68692622608576015  0.69710224743275684  0.70750300022125778
  0.71832807447721791  0.72973082488443963  0.74118911587746961  0.75271727922968934
  0.76405091582710738  0.77541901708347127  0.78610808510297780  0.79629867227681250
  0.80636026761514989  0.81631259522844057  0.82626146322214444  0.83620404466858034
  0.84608262207338392  0.85595894665137573  0.86567987635944776  0.87512864826925707
  0.88467270145294286  0.89458907424039125  0.90513278290349330  0.91598728414785135
  0.92705802083852429  0.93810632675181183  0.94872812874819890  0.95875254563490753
  0.96846243738039306  0.97879113055103695  0.98925548257653906  1.00000000000000000
   4.1836206828494322E-022  -1.0000000000000000     
 T F T F T F T F T F T F T F T F
