 -0.00117542992888416  0.00364155494284860  0.00818181806087583  0.01260305988797513
  0.01705005035728038  0.02156760148429913  0.02614382778221136  0.03077118193937421
  0.03539798309609092  0.03998222279213420  0.04457459807870528  0.04925885022789576
  0.05398622955804538  0.05878415176311499  0.06360029581896841  0.06839869427434628
  0.07319540438477619  0.07800249404373559  0.08289299091690319  0.08794744993340251
  0.09303079839015443  0.09809769715436242  0.10313528161344389  0.10824779054022622
  0.11348209314328676  0.11883310321860420  0.12425890507792783  0.12968352474409867
  0.13507656451004510  0.14047500872580368  0.14583611903212718  0.15134122952864462
  0.15687227960279912  0.16242730570785058  0.16798077664528918  0.17354147282781010
  0.17917653072945544  0.18490657914666458  0.19085907003602598  0.19706134304523834
  0.20314427345518798  0.20925475480580066  0.21539936950209859  0.22167649373091350
  0.22809481290153819  0.23466811218365866  0.24140683395571022  0.24819469622948806
  0.25505318607048116  0.26198763153417920  0.26896621335746618  0.27597672998682443
  0.28291201412999967  0.28986236527815201  0.29700372655023161  0.30434373387066693
  0.31185867964105546  0.31953469441459420  0.32728184268623778  0.33507659098370929
  0.34298007032796773  0.35101509164196953  0.35926707491881044  0.36796191012356155
  0.37679061146402254  0.38593221233892250  0.39501987951127293  0.40428810915913416
  0.41379970011116751  0.42369107256592276  0.43384817281543636  0.44416229014202940
  0.45469299728417867  0.46534732003594081  0.47625895533430834  0.48759130579293031
  0.49930406551891415  0.51116863723498895  0.52327879422813994  0.53591857402108467
  0.54910153386968807  0.56275013229624216  0.57721738677879897  0.59246397958566688
  0.60879618985457540  0.62630603020018949  0.64488364788964925  0.66436549498121045
  0.68499661347322616  0.70757297490980409  0.73248571231804593  0.76025614120935459
  0.79206565283463382  0.83122091198204173  0.88629778654019942  1.00000000000000000
 -0.00239809886664047  0.00935656390377769  0.01929457098055083  0.02942511055257526
  0.04008746864073216  0.05086313092234959  0.06168584770073041  0.07191784985645855
  0.08227642079226725  0.09255594710053823  0.10314869582773925  0.11314256190500392
  0.12364753973485491  0.13421103133102469  0.14489046170388994  0.15533450811907429
  0.16586630922795087  0.17673690302139114  0.18741262666660585  0.19817758438090638
  0.20893852004043470  0.21983148788925802  0.23075370605153459  0.24174171528336916
  0.25289250605928432  0.26392998984990590  0.27501928806499970  0.28593695762018206
  0.29684084436156338  0.30759678092463710  0.31831419383428033  0.32935015352523672
  0.34040752047859457  0.35188276520555978  0.36343800144096056  0.37489168340058260
  0.38586366197562622  0.39656333052639031  0.40707441326357291  0.41726017780531915
  0.42723058481081971  0.43731240938325078  0.44766566522795986  0.45824176852605547
  0.46930391779816516  0.48057064502826763  0.49159433294012889  0.50243447457181412
  0.51331666734211301  0.52423630555229195  0.53504358002583252  0.54572259507748366
  0.55618274443656046  0.56631511554438752  0.57615920447528313  0.58601804829386672
  0.59602991030793984  0.60617816576552430  0.61654987692424368  0.62700022509424380
  0.63758068956953562  0.64814584423969246  0.65849115933266111  0.66865363696708957
  0.67873849349890558  0.68887420820291390  0.69904287447464208  0.70920050090970310
  0.71947871377308570  0.72982955129090099  0.74026905823996281  0.75073080287714777
  0.76119623291764926  0.77159926579002858  0.78200507786873574  0.79217620230319685
  0.80224117802252426  0.81196610153544935  0.82199854161531483  0.83168946256184317
  0.84196109234623484  0.85206511830262854  0.86270481462769599  0.87350128645135450
  0.88416300995153829  0.89492529788580910  0.90543145677453252  0.91610576293177604
  0.92712059344644815  0.93789092722546707  0.94812470080463085  0.95837724331690455
  0.96912899999644964  0.97973044161218559  0.98987455837474270  1.00000000000000000
  0.00338306526058598  0.01150035301849836  0.02056573748479613  0.03023854590422446
  0.04011075473806097  0.05009197590851178  0.06008678550693821  0.07035018066513496
  0.08073273937484721  0.09148716890246189  0.10196956752429459  0.11235773845594497
  0.12252006925863916  0.13319986749269200  0.14372395435306226  0.15471121520693717
  0.16520778936506222  0.17586516693286763  0.18648270497964997  0.19691247884889918
  0.20740811661690384  0.21770851064155064  0.22796674287334770  0.23788443447456445
  0.24770328087830557  0.25777125192699513  0.26778752257582189  0.27804830762134786
  0.28849939369328270  0.29933371861505320  0.31007637076497407  0.32076590121204246
  0.33168122140653461  0.34234011362049949  0.35303992646734111  0.36372013179334323
  0.37446855439032983  0.38519474686722249  0.39587467475365917  0.40640129402982694
  0.41679090004430464  0.42707913921745638  0.43758280232461400  0.44821339601927146
  0.45873626946460666  0.46933515919494162  0.48005360858450818  0.49100776335011775
  0.50183985067069981  0.51244522922523073  0.52293064479577467  0.53348387173237566
  0.54400868529318991  0.55459869429505604  0.56517256668554261  0.57576319198092718
  0.58616137056934492  0.59644182328321249  0.60678106563331580  0.61728389595559630
  0.62782916867369343  0.63809893817848251  0.64827449146234739  0.65825618911985107
  0.66819511091521422  0.67821712495613951  0.68864014758191194  0.69941150009699959
  0.70982713557134347  0.71986262265739487  0.72980464383386889  0.73971154321681465
  0.74985644253687578  0.76036293055917858  0.77105921189417492  0.78156899794058821
  0.79177745395248333  0.80191703663300506  0.81207904302066669  0.82249896061797001
  0.83301345307672237  0.84369204624961913  0.85419406431428457  0.86457277756922479
  0.87485291540388754  0.88554782025655232  0.89671977688030291  0.90779986650828248
  0.91890034820420263  0.93007761704364111  0.94064725370659785  0.95101456284595098
  0.96149393835689900  0.97228667790031331  0.98269371272696326  1.00000000000000000
 -0.01494581542916708  0.10452078810776173  0.14540207708952943  0.17287660025955495
  0.19626366224061090  0.21622292350794606  0.23365699930138709  0.24965389954841619
  0.26409068099071786  0.27758494017195151  0.29037800249551782  0.30271004848791955
  0.31451237901022000  0.32592901573358268  0.33689148434473193  0.34746798008313595
  0.35764337157700221  0.36751092451372225  0.37706769812150037  0.38633581742896189
  0.39549367831445148  0.40466194810608552  0.41382426760774499  0.42302353890626354
  0.43211512466393298  0.44128114813035685  0.45055724499492500  0.45979836732743007
  0.46893064594497053  0.47774661542808949  0.48613576834768518  0.49424310713943997
  0.50215733107046512  0.50988543021445898  0.51752186619399987  0.52505482213508681
  0.53245336393925546  0.53988896462493496  0.54735664165997400  0.55473114169843074
  0.56214385557830127  0.56953262736204513  0.57680785797512857  0.58398309125725956
  0.59117224206943153  0.59844699289667769  0.60577270255447846  0.61311463467449800
  0.62039757775710636  0.62766225722656233  0.63462970038155442  0.64155300855227948
  0.64834807753969392  0.65514795060607767  0.66199487164210069  0.66876087200460677
  0.67535184929613745  0.68180804494329961  0.68818839310875357  0.69446487286263980
  0.70063003518111000  0.70675267408162579  0.71257846483378962  0.71847391737578481
  0.72441295629784086  0.73034110439077016  0.73622243906640117  0.74197816515964077
  0.74766074477724132  0.75321794853340684  0.75874013922750638  0.76435220164256845
  0.77011666395443568  0.77605378658810131  0.78206887049049012  0.78794712910862230
  0.79374952398261667  0.79976354920256887  0.80564226238771508  0.81168753917070102
  0.81778748023242176  0.82396669295201663  0.83026818262232849  0.83678069497314078
  0.84343451443706052  0.85019693635086291  0.85721160874738345  0.86458783792295391
  0.87237576051027732  0.88090963464657290  0.89009073025732233  0.90014674509880743
  0.91161092816372780  0.92599837705760368  0.94726070125178197  1.00000000000000000
   1.3661634853265983E-005  -1.0000000000000000     
 F F F F F F F F F F F F F F F F F F F F F F F F F F F F F F F F
  <DiscreteSampler_grid>
  grouped_processes
  1 # 1 for a reference and 2 for a running grid.
  10 # Attribute 'min_bin_probing_points' of the grid.
  1 # Attribute 'grid_mode' of the grid. 1=='default',2=='initialization'
  0.0000000000000000 # Attribute 'small_contrib_threshold' of the grid.
  0.5000000000000000 # Attribute 'damping_power' of the grid.
 # binID   n_entries weight   weight_sqr   abs_weight
    10   10   2.002510924157546E+005   7.518995961399648E+010   2.002510924157546E+005
    11   10   2.002510924157546E+005   7.518995961399654E+010   2.002510924157546E+005
  </DiscreteSampler_grid>
