 -0.00247570350831735  0.00955625838175629  0.01972596429533682  0.03025388294921252
  0.04080676836230940  0.05136001191527077  0.06191610917893481  0.07244536262650476
  0.08297557743427315  0.09348798981673410  0.10400858186462703  0.11452757350045470
  0.12506091032450797  0.13561025993543044  0.14615058010006968  0.15669117718006967
  0.16722818010447330  0.17777392979116208  0.18831369855271216  0.19885881733842267
  0.20939677653054378  0.21993651575366757  0.23047598169477995  0.24102262119166448
  0.25157051718256346  0.26210679570638912  0.27264301209504316  0.28318177625378088
  0.29372894660534332  0.30427661480838114  0.31482631083555396  0.32535997200785427
  0.33589348650914391  0.34642554334306602  0.35697316368130516  0.36751676463586008
  0.37806017898389571  0.38860219346780805  0.39914810107215848  0.40969432688110907
  0.42023389061954447  0.43076992291098032  0.44130564994200394  0.45185349498996796
  0.46240068464019329  0.47294750561653975  0.48348875656157297  0.49402188992623597
  0.50455520617943939  0.51509386142477920  0.52564506205822326  0.53619248948761455
  0.54673218157953452  0.55725451750987121  0.56778106720781452  0.57831287398752029
  0.58886220701433489  0.59941205386998397  0.60995573494835187  0.62049926696590862
  0.63103363124245582  0.64157758375306995  0.65212099562212078  0.66266527217535964
  0.67320996655624188  0.68374580407859342  0.69428845621828827  0.70483213699713210
  0.71536593598816434  0.72590110064865587  0.73643456565583409  0.74698380720333091
  0.75753170278356752  0.76807575687291474  0.77862265729977809  0.78917038272090512
  0.79972181989648783  0.81027511561737064  0.82081434837690581  0.83133811218223252
  0.84186156933509493  0.85239934928793482  0.86294416851348221  0.87348844883448018
  0.88403274040501023  0.89457976225326330  0.90512293739093819  0.91566598798458232
  0.92621024536498475  0.93675527638000200  0.94728429708819850  0.95781559128507499
  0.96834891415930924  0.97889786865802231  0.98944872397434691  1.00000000000000000
 -0.00231479146669023  0.00986107079925249  0.02010717271033455  0.03065024219887132
  0.04119864764227083  0.05174124196010682  0.06228414629477168  0.07282426872052483
  0.08336348097224094  0.09388760228170584  0.10441112347792754  0.11491882126583351
  0.12543668079808501  0.13595347281731079  0.14649081890672791  0.15702764577963560
  0.16756970098679536  0.17810271429070443  0.18864096917834852  0.19917870056805220
  0.20972776238447782  0.22027008015301205  0.23080708372735653  0.24134144161774149
  0.25188294895238755  0.26242939430545004  0.27297594122047786  0.28352273272097583
  0.29406430804388034  0.30460582584826629  0.31513578032244116  0.32566597032999928
  0.33619619716002330  0.34673351996741059  0.35727604000903695  0.36781865563321114
  0.37836293020029843  0.38889010516016098  0.39941824637672663  0.40994858426695230
  0.42049699786810574  0.43104493559706991  0.44159248563442027  0.45213442635053769
  0.46267634979666622  0.47322023563671961  0.48375588477829234  0.49429377894903337
  0.50481577938473021  0.51535161858065881  0.52588553550831674  0.53643367591843572
  0.54698059610998417  0.55752252649022993  0.56805094236916220  0.57857800989675101
  0.58911051832324168  0.59964707047560950  0.61018613636776775  0.62072366145797786
  0.63127130232563078  0.64182174428304384  0.65234222382610019  0.66286475226769481
  0.67338356953631329  0.68392942896850939  0.69444943875935261  0.70496876441478018
  0.71547177215639701  0.72599952818723112  0.73652024310240993  0.74706034682927680
  0.75759858202603958  0.76813967864437782  0.77868110147194181  0.78921856039691463
  0.79976166608725174  0.81029981963245135  0.82084169161005394  0.83137803563122692
  0.84191902594384094  0.85245209657858800  0.86298986652787146  0.87352782362742110
  0.88407502865840559  0.89462248212564333  0.90516966191320702  0.91571124649109337
  0.92624951920195941  0.93678391055267718  0.94732344849428907  0.95785674908871254
  0.96838971360240655  0.97892212936850298  0.98945989967640213  1.00000000000000000
   9.2775707761011259E-021  -1.0000000000000000     
 F T T F
