 -0.00116551920236523  0.00347436340210212  0.00789455315422081  0.01218314423516759
  0.01651198060837648  0.02095009099176011  0.02544984221947626  0.02998406761671216
  0.03453220745558112  0.03908206233305929  0.04370348633184348  0.04846930256233741
  0.05322790194650436  0.05799341019463819  0.06278498829700287  0.06762177249681885
  0.07251233503720586  0.07745917763297902  0.08246649488283173  0.08748916160726350
  0.09259194848672297  0.09763298781272101  0.10265524016946211  0.10763197849196267
  0.11259908782719101  0.11764087121505147  0.12273872815586898  0.12800793167282362
  0.13350102312657314  0.13894051741938004  0.14438829957529586  0.14988178684818737
  0.15549035350803300  0.16122163681705759  0.16710024201521112  0.17309606567430119
  0.17912647693281072  0.18514100223346133  0.19118615693616794  0.19731167230975671
  0.20350354749276534  0.20971448554274347  0.21593146403139174  0.22216975676755796
  0.22843799623968236  0.23486021304890364  0.24138207489576949  0.24787303176784450
  0.25459021589863595  0.26132566577843008  0.26823400631085015  0.27528191075844316
  0.28234223213485704  0.28942489898100210  0.29665552618700441  0.30409941532819323
  0.31170035229138743  0.31932557069946205  0.32709760342100580  0.33499589993220535
  0.34308928397177807  0.35119049395844859  0.35933947399278793  0.36750793584343655
  0.37585284835081301  0.38441243542474474  0.39323604969088632  0.40243632299442345
  0.41198874413520686  0.42170471984045987  0.43155272493635244  0.44175126215721866
  0.45227785699899392  0.46302037574455096  0.47370267647019365  0.48479569556446672
  0.49619678243515691  0.50847536097778923  0.52139047400775895  0.53503647551459155
  0.54895096958615419  0.56313785393570237  0.57781766137734192  0.59327118670262113
  0.60935960188876892  0.62618493161366107  0.64394157162990573  0.66314550971108721
  0.68372929249411907  0.70566141994058407  0.72967128750948829  0.75712632946853786
  0.78981569316880673  0.82956843287977244  0.88579419267404691  1.00000000000000000
 -0.00218197809320553  0.00995408230838559  0.02030147898238349  0.03075187190271785
  0.04106305091061598  0.05109069445149946  0.06126994714472836  0.07180574200482912
  0.08263892894263200  0.09353828614123294  0.10417537873110920  0.11495965229947318
  0.12583206822444826  0.13664490139893687  0.14735430157879034  0.15784367797021623
  0.16826998511806585  0.17863384295966794  0.18890879781703646  0.19894213482685277
  0.20907265049668844  0.21910942520914745  0.22930042814123797  0.23958861928774985
  0.24996903618534899  0.26029592237915677  0.27055035838812985  0.28126822201940849
  0.29193551784687705  0.30266799700077557  0.31343870061072127  0.32436323012141177
  0.33504112002159997  0.34523325029713720  0.35530761437180164  0.36567635119748482
  0.37645065459954874  0.38772147650308630  0.39878272418638033  0.40970845439691622
  0.42030930538750610  0.43072528680856437  0.44128983459994942  0.45168325570275397
  0.46202984685968645  0.47222220993242398  0.48229211668273531  0.49251174973173828
  0.50282071428248665  0.51324284466184444  0.52378630152020034  0.53428555153604673
  0.54466970601970510  0.55476624015380305  0.56507421782024414  0.57526760542428979
  0.58574030148214784  0.59601143461522621  0.60653657814402862  0.61712378881385499
  0.62775706878076842  0.63846659362607394  0.64892794727714465  0.65921375181053687
  0.66931964152396828  0.67982151544452452  0.69072222665471938  0.70162608239495039
  0.71227587730290498  0.72302975037899941  0.73402136313693034  0.74502755660143527
  0.75575621301472728  0.76629164768574587  0.77677247934400873  0.78724177117555882
  0.79766250991955712  0.80795753596981168  0.81809997468755624  0.82839876832780190
  0.83877924137880089  0.84919660654481988  0.85957746906274268  0.87005209649461202
  0.88039165879250203  0.89072204640255159  0.90162226717497540  0.91261060854638298
  0.92331820480256366  0.93367325811306712  0.94446051708930079  0.95570163401314745
  0.96679199190445220  0.97760479794553246  0.98862244924572407  1.00000000000000000
  0.00379548188495053  0.01055693576056655  0.01964284015298386  0.02927048891506399
  0.03891340047178776  0.04849161817360629  0.05853613178498451  0.06890099260062357
  0.07947788452387812  0.08999281804752479  0.10054729577587335  0.11142840800290683
  0.12245467620371246  0.13290975728272994  0.14324349516909970  0.15384792730815075
  0.16450364982367588  0.17445987748381692  0.18426674385753330  0.19450668875352545
  0.20508889801565555  0.21523922062796766  0.22525221563024228  0.23504307241618769
  0.24462017219056773  0.25408757044814850  0.26375436565898197  0.27391871864022360
  0.28437882599281428  0.29461310070111929  0.30471425776447403  0.31500253438179077
  0.32511316893846925  0.33516940004358459  0.34520382381958520  0.35559300979456238
  0.36593499064931267  0.37624407939534815  0.38674149725087525  0.39753872620276848
  0.40794740720673972  0.41826805664178140  0.42855787311211563  0.43911747164373549
  0.44970057617239373  0.46043698521057697  0.47155336400750558  0.48237875865999208
  0.49316599471995715  0.50383624007674555  0.51413454691700977  0.52420859428255706
  0.53423288179580408  0.54463039060987595  0.55535086517454901  0.56603279479874757
  0.57680475688790922  0.58766555267543596  0.59858593732991217  0.60921500904762493
  0.61972797268030755  0.63039327898968378  0.64136015528818402  0.65249426955313206
  0.66368269193567242  0.67462454650193704  0.68529815932667293  0.69586088541277435
  0.70648963580651125  0.71719473036273085  0.72795215221549681  0.73870387345811983
  0.74947023918083289  0.76023184645008968  0.77089852541957082  0.78133558985233142
  0.79151766020660697  0.80152792112930071  0.81174703680530169  0.82217675479842578
  0.83259170349454592  0.84274233331285708  0.85304613189681278  0.86366107852753360
  0.87441805499913194  0.88524323318137244  0.89598326069408452  0.90674169825293072
  0.91741482641044980  0.92799323767705932  0.93845384149880140  0.94887983762319061
  0.95980729214874372  0.97175988249089418  0.98510275701482808  1.00000000000000000
 -0.01458703561769978  0.08670778543432904  0.12209161498248594  0.14379491565035452
  0.16128847290232468  0.17644299162295138  0.19017774145203167  0.20279852526445008
  0.21454011890172833  0.22540434562556574  0.23525918099749682  0.24447644923853068
  0.25320934569945874  0.26147843926129433  0.26940810997091508  0.27703798623203119
  0.28450170309823442  0.29187382207193341  0.29912707989163057  0.30628105713020054
  0.31337155122629473  0.32040131280843925  0.32746326356239108  0.33443846400791738
  0.34107846984738194  0.34747668359811457  0.35382716850650636  0.36014924588508807
  0.36649108552276605  0.37274027320192255  0.37875735120027842  0.38463587511256087
  0.39051208476112964  0.39635841028620394  0.40213533550261182  0.40786087509147823
  0.41354475166694316  0.41928055266918618  0.42511836449216051  0.43095286842891439
  0.43669532130169642  0.44235732461581889  0.44798224324933666  0.45358079928483064
  0.45932158067093809  0.46522950386978001  0.47126014246579889  0.47729319005192078
  0.48332006753245971  0.48936598956827970  0.49538319087973653  0.50132944023878090
  0.50723635696581248  0.51315656924316955  0.51922373327536342  0.52536221238356295
  0.53148504281406672  0.53761923294972935  0.54366068191327532  0.54975940701772830
  0.55589865526683724  0.56204372205816511  0.56811470689277288  0.57413682153069467
  0.58027155789689844  0.58659669238043488  0.59304259265997306  0.59958452730663958
  0.60626384558631596  0.61307235695402107  0.61998628176046744  0.62700823237094849
  0.63434086251820410  0.64172527312379524  0.64939997063199473  0.65720428237222883
  0.66504317783638001  0.67303048332284010  0.68099231730688459  0.68935240099299522
  0.69813182032444843  0.70735589703293655  0.71697022010649525  0.72690248352263287
  0.73725508740478385  0.74820591452526608  0.75966239525989809  0.77175687565630913
  0.78448785673667487  0.79833686295079886  0.81344757739723739  0.83028226546204997
  0.85006556015212120  0.87398928585448354  0.91171182182848920  1.00000000000000000
   2.8024184597287589E-007  -1.0000000000000000     
 F F F F F F F F F F F F F F F F F F F F F F F F F F F F F F F F
  <DiscreteSampler_grid>
  grouped_processes
  1 # 1 for a reference and 2 for a running grid.
  10 # Attribute 'min_bin_probing_points' of the grid.
  1 # Attribute 'grid_mode' of the grid. 1=='default',2=='initialization'
  0.0000000000000000 # Attribute 'small_contrib_threshold' of the grid.
  0.5000000000000000 # Attribute 'damping_power' of the grid.
 # binID   n_entries weight   weight_sqr   abs_weight
    10   10   6.579705430987358E+003   1.146331366692378E+008   6.579705430987358E+003
    11   10   6.579705430987358E+003   1.146331366692378E+008   6.579705430987358E+003
  </DiscreteSampler_grid>
