 -0.00000053553237019  0.00007792224992517  0.00043565507948559  0.00113796087233629
  0.00216691274556082  0.00352528502333641  0.00521806709300262  0.00721857530634383
  0.00941898522912908  0.01180928174029981  0.01439187631874088  0.01726074801943572
  0.02036458968446423  0.02366039974170745  0.02713122492308154  0.03077347241683291
  0.03450303556185672  0.03827994987806919  0.04209967639114660  0.04608778410368854
  0.05026400656791161  0.05456880521920870  0.05898599493798388  0.06349756890746870
  0.06828098662835680  0.07323906231418056  0.07826843523628396  0.08332537963670666
  0.08839342189200093  0.09360535168661872  0.09899530884969673  0.10428112703207555
  0.10986727139599443  0.11548050079590269  0.12115067047003689  0.12690128317527519
  0.13301260866945722  0.13920212201011223  0.14542564962998680  0.15174733453593814
  0.15813435649586788  0.16459437048584891  0.17097763411892361  0.17764312002931046
  0.18448422348876467  0.19145667957574933  0.19837657835187825  0.20525175363802203
  0.21222516225678348  0.21938884134048969  0.22670996513103533  0.23406122298649568
  0.24146598860251378  0.24896285759075071  0.25661869950210314  0.26445128093721204
  0.27238026154002210  0.28033368642161105  0.28828638339402968  0.29633605419775422
  0.30487365517705461  0.31374413790316347  0.32261876160390057  0.33150599217626719
  0.34036888955510713  0.34940779815154721  0.35862140097658862  0.36824828174270358
  0.37819426924122673  0.38806173529510701  0.39797361519615709  0.40801054430776762
  0.41869850318195934  0.42991870063245224  0.44157789508859896  0.45366866685407059
  0.46588405132198207  0.47822951755004828  0.49054418069500755  0.50380144094448454
  0.51814190856193632  0.53315383835234542  0.54832704517790298  0.56388830257225120
  0.57980921319349510  0.59729392319481078  0.61640693408636438  0.63680101282856394
  0.65826884688672194  0.68047497279968028  0.70717019368640133  0.73831192630480003
  0.77583468093357377  0.81989480099737677  0.89411686283254277  1.00000000000000000
 -0.00260032653075339  0.01006796881363869  0.02087424380528903  0.03126552361318025
  0.04183684468141071  0.05252101447912062  0.06306463090344233  0.07300446331029262
  0.08309307851197516  0.09394012095970095  0.10525405553754184  0.11656265060900053
  0.12759926598797114  0.13911897437547566  0.15058634700568013  0.16219738528969538
  0.17353326645387901  0.18424492496863890  0.19479463641249389  0.20528944496082560
  0.21600608931338008  0.22693886509173172  0.23719739811430979  0.24772993788562414
  0.25793099574603379  0.26837707500525226  0.27835385765392723  0.28862345861176203
  0.29928956832153353  0.30993009515329367  0.32079425584533672  0.33152283284643247
  0.34249663494807991  0.35324086976860558  0.36388806140338992  0.37475849927919458
  0.38573597430157541  0.39710667975814723  0.40759266939596372  0.41769633765917524
  0.42705751664584279  0.43637084102013224  0.44595280582704794  0.45617185316693942
  0.46651676736508291  0.47704933297292229  0.48785905297885973  0.49914910077179214
  0.50977785106448004  0.52004621103360382  0.53039662749422889  0.54074327462462346
  0.55055196299843645  0.56019715641070711  0.57013013049304184  0.58016463554968067
  0.58999291039385093  0.59971881932381732  0.60906626290326005  0.61851382012730538
  0.62808560810432745  0.63819177447935760  0.64798265308898406  0.65772144108163932
  0.66771345213119526  0.67856643652635285  0.68983365152484677  0.70082094784229554
  0.71183452980956663  0.72298054054116700  0.73398499811893059  0.74550057821148830
  0.75689006848686391  0.76829250365870361  0.77931538809296941  0.78978758663219750
  0.79977375362405712  0.80981045518307992  0.82059101983753291  0.83214630670667378
  0.84398517821748409  0.85575032812535523  0.86679557319844791  0.87769884943937171
  0.88870803092182560  0.89956508816266212  0.91001413351409921  0.91993454749806092
  0.92970477946123753  0.93959308212495152  0.94960508230564677  0.95938007709164874
  0.96927824971451482  0.97870043893650671  0.98936313138383392  1.00000000000000000
 -0.00248727813713238  0.01037414437635253  0.02100816669954568  0.03137997994986760
  0.04178328501306478  0.05252787750360748  0.06361663402689978  0.07484470711284021
  0.08579864257778771  0.09649679877217679  0.10727732552241065  0.11824513753282562
  0.12870661284256299  0.13862456938192785  0.14855292719353108  0.15860910911189355
  0.16879134815474506  0.17880868128614003  0.18897543494683569  0.19927863282570424
  0.20962770090959260  0.22005708729568210  0.23084982181491909  0.24199969889175754
  0.25312734034829326  0.26387377963499958  0.27464047329063218  0.28555145753109085
  0.29658642022196413  0.30766659480073894  0.31866127068467082  0.32944560747919632
  0.33960663962748944  0.34926766020628486  0.35880287060657334  0.36828035798198661
  0.37823236343925432  0.38827139073430705  0.39860794786917436  0.40938223361977372
  0.42037648373889552  0.43164588537041276  0.44285558049808460  0.45387716895601593
  0.46508223095576529  0.47644868446070798  0.48799575022334429  0.49937004293472675
  0.51059233537250714  0.52142430236384973  0.53193711758091988  0.54223157366330710
  0.55243500583589988  0.56249722749866815  0.57248206471938090  0.58263689888854153
  0.59310751681110330  0.60371383808204626  0.61407322891995131  0.62416191040940083
  0.63422876350943858  0.64432779568932708  0.65422627103963771  0.66403000492770159
  0.67402815947300720  0.68487470784645044  0.69629785250325882  0.70790598903939994
  0.71900758616131544  0.72984627487190645  0.74064628043399183  0.75136965724104732
  0.76192814592521263  0.77256216717493820  0.78332321494522494  0.79406101187427136
  0.80483033122860093  0.81504310704111493  0.82463659187189531  0.83427187523698765
  0.84401388482438089  0.85440472802245759  0.86532209422491380  0.87596236814576345
  0.88669135396936782  0.89688838070844279  0.90772350900440035  0.91816113058263005
  0.92811994634240191  0.93765540594021535  0.94771942614475091  0.95762919555916881
  0.96807403895038635  0.97823677142586274  0.98910904689838108  1.00000000000000000
 -0.00246868106464284  0.01043106755852283  0.02126939734823317  0.03198503782407209
  0.04272918432094350  0.05275850754029895  0.06287655908797905  0.07259823703098292
  0.08234950352416634  0.09236187548905370  0.10256289135814139  0.11282798891761979
  0.12352616196720462  0.13412515276604267  0.14473536220467353  0.15502857597716829
  0.16549478857121400  0.17578194775543296  0.18583155875859098  0.19563968201343970
  0.20562612121215354  0.21593939284869554  0.22643101908277269  0.23714371934482789
  0.24806928344112261  0.25933999717532702  0.27043723034913436  0.28118573349357590
  0.29155437416786245  0.30172843986611853  0.31198450379955001  0.32232304821418734
  0.33242159022336581  0.34225641101216270  0.35210632708349238  0.36207213087772572
  0.37207094620452230  0.38183239210441172  0.39174514619461337  0.40232919847728443
  0.41383061045013136  0.42590896704405506  0.43804831841863334  0.44953703175264420
  0.46035107746826731  0.47082462251497903  0.48147092085379850  0.49194072018570356
  0.50198102545664380  0.51178454513393301  0.52172052298706550  0.53182776997999737
  0.54180557604720869  0.55174160267675876  0.56162007579375706  0.57214434973502859
  0.58314965496184479  0.59429129864258845  0.60523020336437472  0.61634579840262860
  0.62767803828300039  0.63859861475370350  0.64962047786680532  0.66010382614618990
  0.67091501589359881  0.68124798240480000  0.69133373451063529  0.70176801630681507
  0.71211749917144940  0.72255349306229166  0.73280285204445827  0.74405728279071126
  0.75444611027341946  0.76487518580630520  0.77505946136567816  0.78577803095979648
  0.79610097859684792  0.80628803739884303  0.81626390210291178  0.82637916161185765
  0.83727879670116245  0.84886240165632776  0.86024552527193521  0.87110347750043393
  0.88220451834254865  0.89381421619518064  0.90492591018465429  0.91545562429336769
  0.92593988025311424  0.93639477301449348  0.94732864429242691  0.95785107052887819
  0.96894636596593897  0.97970909138687878  0.98991060713356505  1.00000000000000000
 -0.00240831625425976  0.00976119176598020  0.02055939580570806  0.03193174515276317
  0.04269710184724183  0.05305132604624245  0.06329406193433423  0.07352210616613937
  0.08365950656155935  0.09369856530486520  0.10388195304759375  0.11388439454416151
  0.12372356116797115  0.13380373942654711  0.14420227619183293  0.15436176204223720
  0.16473426082926446  0.17511061256618604  0.18564471404000804  0.19629824898289217
  0.20733170944367005  0.21797346248001409  0.22848034741682491  0.23889159833821430
  0.24996998508847923  0.25956544428501205  0.26889909403864720  0.27846765533251949
  0.28873194555916581  0.29907326285402275  0.30938685533023785  0.31942868353116355
  0.32959276459877146  0.33936963492048977  0.34891675703238062  0.35857240854263706
  0.36823473292940273  0.37813544840084951  0.38855317879121654  0.39955154451011116
  0.41099621658700020  0.42234404112778567  0.43351048943888915  0.44444443326004823
  0.45518959500633488  0.46574306175110725  0.47619644978817238  0.48653944497606333
  0.49690637562426726  0.50724238008830935  0.51780047219693726  0.52884436465063900
  0.54039418737014544  0.55156481527317947  0.56273397830069316  0.57374865514281903
  0.58542934446467165  0.59724965863496871  0.60815929770372823  0.61837989682715622
  0.62874881703226804  0.63944999198877195  0.65030623090604711  0.66119493060185464
  0.67242179949484659  0.68374446488557361  0.69441872324360077  0.70452396040095655
  0.71425959612370415  0.72415069010046729  0.73392480863557874  0.74413064719900135
  0.75426024561616334  0.76482450296889382  0.77500929115355266  0.78533959685050314
  0.79615080060464505  0.80769845583620781  0.81902957538336718  0.82981753314156248
  0.84040481779166654  0.85109196685574051  0.86124894488998971  0.87124375855212666
  0.88155652183060551  0.89203176425058961  0.90219372955049060  0.91216027300811242
  0.92305442338658084  0.93436655158738857  0.94517715929435941  0.95563958746422861
  0.96646755091144509  0.97756380411973742  0.98864562286018676  1.00000000000000000
   5.5057284148792375E-023  -1.0000000000000000     
 T F T F T F T F T F T F T F T F
