mass,ctau
0.1,2718949.9685879
0.10098280385676105,2589184.372505881
0.10197526674773073,2465612.1389781763
0.10297748360226981,2347937.667380735
0.1039895502827084,2235879.466234278
0.10501156359351531,2129169.4797332925
0.10604362129055746,2027552.4464241262
0.10708582209045013,1930785.285019072
0.10813826567999937,1838636.4562127807
0.10920105272573691,1750885.307832229
0.11027428488354911,1667321.4977574875
0.11135806480840028,1587744.4847574108
0.1124524961641517,1511963.0713054717
0.11355768363347706,1439794.9864570186
0.1146737329278754,1371066.499615285
0.11580075079778242,1305612.0582644788
0.11693884504278126,1243273.944530242
0.11808812452191354,1183901.9468223036
0.11924869916409168,1127353.0438933894
0.12042067997861376,1073491.0994733372
0.12160417906578147,1022186.5662583974
0.12279930962762257,973316.1984946055
0.12400618597871879,926762.7727253262
0.1252249235571399,882414.8165045304
0.12645563893548556,840166.3450318368
0.12769844983203535,799916.605761287
0.12895347512200867,761569.8310877538
0.13022083484893515,725034.9992346956
0.1315006502361369,690225.6034636932
0.1327930436983235,657059.4297071435
0.13409813885330105,625458.3426961175
0.13541606053379607,594489.4805647933
0.1367469347993961,554283.926752085
0.13809088894860705,506041.26580468786
0.13944805153102957,454607.29367343517
0.1408185523596547,398170.47738532897
0.14220252252328044,336055.0354793041
0.14360009439905075,278259.60395325447
0.1450114016651171,228805.38868154804
0.14643657931342513,188291.30819788476
0.14787576366262645,155762.1747590071
0.1493290923711176,129816.68974403224
0.1507967044502072,109101.85975158444
0.1522787402774124,92477.77631409644
0.15377534160988593,79039.00016459903
0.1552866515979754,68085.15794731176
0.15681281479891535,59080.157842446526
0.15835397719065467,51614.442214077695
0.15991028618581893,45374.23094359911
0.16148189064581078,40117.79827961837
0.1630689408950485,35657.63142677962
0.16467158873534438,31847.155979477855
0.16628998746042506,28570.88754322457
0.16792429187059357,25737.113360214902
0.16957465828753643,23272.430823269617
0.1712412445692757,21117.648093045766
0.17292421012526815,19224.686589271143
0.1746237159316529,17554.22384574678
0.17633992454664862,16073.886680324553
0.1780730001261026,14756.856083418277
0.17982310843919205,13580.782249670472
0.18159041688428001,12526.934873826911
0.18337509450492723,11579.533160284296
0.18517731200606086,10725.21406150335
0.18699724177030286,9952.607555968998
0.18883505787445815,9251.995359045693
0.19069093610616528,8615.03508056779
0.19256505398071044,8034.5360361072935
0.19445759075800687,7504.276067312833
0.19636872745974115,7018.851105881626
0.19829864688668808,6573.551024845769
0.2002475336361954,6164.2567049303625
0.20221557411984084,5787.354308942158
0.20420295658126209,5439.663581677578
0.20620987111416286,5118.37763464901
0.2082365096804948,4821.01217721672
0.2102830661288193,4545.362550867804
0.21234973621284878,4289.467234859173
0.2144367176101705,4051.576705621025
0.21654420994115509,3830.1268081100434
0.2186724147880495,3623.715991509217
0.22082153571425894,3431.085697162592
0.2229917782838177,3251.1034190034798
0.22518335008105103,3082.74803727147
0.22739646073043138,2925.0970871838795
0.2296313219166282,2777.315678707707
0.23188814740475616,2638.646829042316
0.2341671530608219,2508.403007126042
0.23646855687237114,2385.9587207600903
0.23879257896934003,2270.7440029494105
0.24113944164510986,2162.238675738727
0.24350936937777004,2059.9672879423197
0.24590258885158928,1963.4946383559611
0.24831932897869793,1872.4218088073308
0.2507598209209838,1786.3826421633019
0.2532242981122023,1705.0406095079977
0.2557129962803051,1628.0860184124767
0.2582261534699872,1555.2335207642939
0.2607640100654559,1486.2198842007606
0.263326808813424,1420.8019959495373
0.26591479484632813,1358.7550719530325
0.26852821570577606,1299.8710476458702
0.271167321366224,1243.95712975696
0.2738323642588869,1190.834491093614
0.2765235992958832,1140.3370924973897
0.27924128389461755,1092.3106180919733
0.281985678002403,1046.611511616711
0.28475704412132435,1003.1061030923415
0.2875556473333475,961.6698163294609
0.2903817553256739,922.1864488920252
0.293235638416345,884.5475170900623
0.2961175695800987,848.6516594171229
0.299027824474479,814.4040925852061
0.3019666814662028,781.7161149567382
0.30493442165778606,750.5046527419105
0.3079313289144307,720.6918448303086
0.31095768989117734,692.2046625672044
0.31401379406032287,664.9745611747973
0.3170999337391094,638.9371598633913
0.3202164041176841,614.0319479829326
0.3233635032873342,590.2020148361105
0.32654153226899985,567.3938010147764
0.32975079504206617,545.5568693353392
0.3329915985734398,524.6436936392654
0.3362642528469098,504.6094638946654
0.3395690708927979,485.4119061865515
0.3429063688179001,467.0111163188854
0.34627646583572164,449.36940587281674
0.34967968429701096,432.4511596741612
0.3531163497205918,416.2227037206706
0.3565867908244996,400.65218270713643
0.36009133955742334,385.7094463650933
0.3636303311304562,371.36594390468247
0.36720410404915926,357.5946259100433
0.3708130001459392,344.36985309715214
0.37445736461274487,331.66731139495187
0.3781375460340848,319.4639328575776
0.3818538964203693,307.7378219579348
0.385606771241581,296.468186851333
0.389396529461275,285.63527523273245
0.39322353357091405,275.22031444275416
0.39708814962454103,265.2054555063103
0.4009907472737922,255.5737208137887
0.40493169980325394,246.30895517845016
0.4089113841661684,237.39578002527654
0.41293018102048845,228.81955048620242
0.41698847476528816,220.56631519458014
0.42108665357753056,212.6227785881171
0.42522510944919656,204.97626554446322
0.42940423822477963,197.6146881873003
0.43362443963914815,190.52651471328377
0.43788611735578015,183.7007401016323
0.4421896790053739,177.12685857864193
0.44653553622483816,170.79483771901724
0.45092410469666444,164.6950940747272
0.4553558041886885,158.8184702301862
0.45983105859424017,153.15621319000806
0.4643502959726895,147.6999540124061
0.46891394859039054,142.44168860761266
0.4735224529620274,137.37375962647832
0.4781762498923677,132.48883936974602
0.48287578451842517,127.77991365341353
0.4876215063520374,123.24026657013249
0.49241386932286163,118.8634660907788
0.497253331821793,114.6422415670523
0.5021403567448104,110.56818817413942
0.507075411537252,106.63619970827996
0.512058968238527,102.84145665000274
0.5170915035272663,99.17928622280476
0.5221734987669159,95.64516000821723
0.5273054400517813,92.23469136968771
0.5324878182535209,88.9436326936782
0.5377211290680992,85.7678724798398
0.5430058730631996,82.70343230985952
0.5483425557261038,79.74643658862342
0.553731687512042,76.88948158859257
0.5591737838930183,74.12718454397478
0.5646693654071155,71.45711996963905
0.5702189577082848,68.87685025717516
0.5758230916166246,66.38393509396016
0.5814823031691535,63.97593985325045
0.5871971336710828,61.65044302928215
0.5929681297475925,59.4050427892381
0.5987958433961157,57.23736271134469
0.6046808320391376,55.14505677541248
0.6106236585775131,53.125813668937504
0.6166248914443083,51.17736046851906
0.6226851046591716,49.297465752898404
0.6288048778832385,47.48394220044134
0.6349847964745764,45.73464872042608
0.641225451544175,44.04749216409329
0.6475274400124845,42.420428658102985
0.6538913646665133,40.851464599841336
0.6603178342174832,39.3386573509538
0.6668074633590536,37.880115662556356
0.6733608728261171,36.47399986280446
0.679978689454172,35.118521834886806
0.6866615462392808,33.81194481105272
0.6934100823986155,32.55258300598776
0.7002249434315989,31.33880111070815
0.7071067811816477,30.16901366615475
0.7140562538985198,29.04168433382487
0.7210740263012779,27.955325079073933
0.7281607696418689,26.908495281151744
0.7353171617693302,25.899800782592504
0.7425438871946249,24.92789288925544
0.7498416371561173,23.991467331100072
0.7572111096856877,23.08926319267443
0.7646530096755018,22.22006182128463
0.772168048945432,21.38268571989792
0.7797569463111442,20.56393265352053
0.7874204276528525,19.720904667602728
0.795159225984749,18.86164688702246
0.8029740815251184,17.998229042015193
0.8108657417671388,17.140880389176044
0.8188349615503803,16.297965696876812
0.8268825031330052,15.47609362416816
0.8350091362646789,14.680283002715166
0.8432156382601952,13.914159689984563
0.8515027940738286,13.180163012061948
0.8598713963744142,12.47974697612665
0.868322245621167,11.813566754683874
0.8768561501402462,11.181645162641045
0.8854739262020709,10.583516956077418
0.8941763980993983,10.018313118750525
0.9029643982261661,9.484358120986876
0.911838767157112,8.98038125374163
0.9208003537281747,8.505200589651908
0.9298500151176845,8.057519814065706
0.9389886169283542,7.6359775481855685
0.9482170332700733,7.239185532209874
0.9575361468435167,6.865757619613958
0.9669468490245762,6.51415969328554
0.9764500399496191,6.18294186036662
0.9860466286015886,5.870914262041846
0.9957375328969473,5.576927630999305
1.0055236797734757,5.38650942366508
1.0154060052789353,5.1100657788468675
1.0253854546605996,4.850768603727165
1.0354629824556711,4.606410136106627
1.0456395525825781,4.375564464159076
1.0559161384331788,4.157158271642014
1.0662937229658627,3.9503141351850775
1.0767732987995717,3.7542794426166575
1.0873558683087472,3.5683892050327874
1.098042443719203,3.3920444738519024
1.1088340472049487,3.224698766262287
1.1197317109859588,3.0658489555180912
1.1307364774269049,2.9188018919559338
1.1418493991368608,2.7808253722065595
1.1530715390699804,2.649392513135364
1.1644039706271743,2.524187238060897
1.1758477777587772,2.4049151533291697
1.1874040550682292,2.291289841840511
1.1990739079167771,2.18303998215936
1.210858452529198,2.0798969653294646
1.2227588161005725,1.9816259978766808
1.234776136904095,1.8879985884172104
1.246911564399953,1.7987940436432395
1.2591662593452757,1.7137914341581655
1.2715413939051545,1.6274217017681802
1.2840381517647677,1.546547745387106
1.2966577282425955,1.473362182488454
1.3094013304047534,1.4036397396199187
1.3222701771804521,1.3372190144384568
1.3352654994785822,1.2739373937604794
1.3483885403054576,1.2136500749781982
1.361640554883704,1.1562160951120442
1.3750228107723232,1.1014952619364573
1.388536587987938,1.0493650264961583
1.4021831791272212,0.9996983824585607
1.4159638894905386,0.9523814665233935
1.4298800372067957,0.9073020400065726
1.44393295335952,0.8643542772145142
1.4581239821141814,0.8234379925208215
1.4724544808467568,0.7844563193198091
1.4869258202735698,0.7473185855942506
1.5015393845823939,0.7119371709451365
1.516296571564856,0.6782290989987205
1.5311987927501314,0.646115863582953
1.5462474735399578,0.615520877658213
1.561444053344979,0.5863740063729973
1.576789985722419,0.5586051355262465
1.5922867385151214,0.5321503022504667
1.607935793991943,0.5069473553057301
1.6237386489895367,0.48293596668907746
1.6396968150555258,0.46006062247148466
1.655811818593079,0.4382671602252082
1.6720852010069174,0.4175032302924165
1.6885185188507446,0.3977206018542046
1.7051133439761337,0.37887243233588525
1.7218712636828788,0.3609140188489597
1.7387938808708137,0.343802718675071
1.7558828141931375,0.327498517501028
1.7731396982112324,0.3119629443938339
1.7905661835510132,0.297159393625869
1.808163937060812,0.283053036403634
1.8259346419708073,0.2696106097010675
1.843879998054033,0.2568007167571195
1.862001721788954,0.24459338080146356
1.8803015465236523,0.23296004358882627
1.8987812226416247,0.22187353063324278
1.9174425177292007,0.21130798388915953
1.9362872167446197,0.20123879767690242
1.9553171221887564,0.19164255762514668
1.9745340542775371,0.18249698244475787
1.9939398511160373,0.17378086838091106
2.0135363688743007,0.16547403621064252
2.033325481964884,0.15755728067685765
2.0533090832221395,0.150012322257623
2.073489084083272,0.1428217611810492
2.0938674147711622,0.13596900217442157
2.1144460244789953,0.12943828566429325
2.135226881556706,0.12321461982552631
2.1562119736992433,0.11728370655446917
2.1774033081367032,0.11163192836029315
2.198802911826314,0.10624628417692457
2.2204128316463168,0.1011144197504587
2.242235134591754,0.09622459358026415
2.2642719079721725,0.09156558344212704
2.2865252596112806,0.08712664419711158
2.308997318048556,0.08289764316873541
2.331690232742846,0.07886884741103833
2.3546061742779636,0.07503096915619203
2.3777473345703006,0.07137521499036333
2.4011159270784908,0.0678931116717359
2.4247141870151228,0.06457666515588831
2.448544371560539,0.061418173874852176
2.472608760078742,0.05841035179123862
2.4969096543354063,0.055546187818547095
2.5214493787180543,0.05281905011802673
2.5462302804583734,0.05022255420452941
2.571254729856735,0.047750648982135435
2.5965251205089186,0.04539754122459006
2.6220438695350485,0.043157685534155964
2.647813417810806,0.041025818699597066
2.6738362302008882,0.038996898614010525
2.7001147957947755,0.03706610690798342
2.726651628144823,0.03522885168201874
2.7534492655066676,0.03348075019988428
2.780510271082026,0.03181761410592593
2.807837233263857,0.030235444901308396
2.835432765883947,0.028730425393937335
2.8632995084629216,0.02729891157265333
2.8914401264627143,0.02593742486694413
2.919857311541527,0.024642644643914233
2.9485537818112757,0.023411402134977576
2.977532282097591,0.02224067177562475
3.006795584202352,0.021127566886927136
3.036346487168813,0.02006933133202041
3.0661878175493373,0.019063330907885267
3.0963224296757486,0.018107050386447898
3.12675320593236,0.017198090233166433
3.1574830570316634,0.016334162250230804
3.1885149222927462,0.015513082726777145
3.2198517699224416,0.01473277478136497
3.2514965972992274,0.013991257085284071
3.283452431259939,0.013286639925924272
3.3157223283892767,0.012617125468499222
3.3483093753121724,0.011981000555827648
3.381216688989033,0.011376631128040634
3.4144474170138643,0.010802464504192148
3.4480047379153556,0.010257017687418098
3.481891861460892,0.009738882391145282
3.5161120289635774,0.009246714400312772
3.5506685135922713,0.008779235684326021
3.5855646206846554,0.008335228999482852
3.6208036880634045,0.007913533968277672
3.656389086355437,0.007513047382608313
3.6923242193143286,0.007132718295026576
3.728612524145873,0.006771546411711046
3.7652574718368528,0.00642857971694422
3.80226256748705,0.006102912580973437
3.8396313506444932,0.005793683461214833
3.8773673956440344,0.005500072592926658
3.91547431194922,0.005221300192972065
3.9539557444975437,0.004956624573489844
3.9928153740490915,0.004705340340044056
4.0320569175385925,0.004466776666254226
4.071684128430964,0.0042402954954589645
4.111700797080311,0.004025290459707817
4.15211075109249,0.0038211849041270415
4.192917855691218,0.003626205871601936
4.234126014087773,0.0034422696123931184
4.275739167854351,0.003267674274258563
4.317761297301067,0.0031019483194192634
4.360196421856677,0.0029446434638875593
4.403048600453042,0.0027953340722745856
4.4463219319133565,0.002653615336460598
4.4900205553442145,0.002519102993689528
4.534148650531502,0.0023914317481508194
4.578710438340203,0.002270254655932155
4.623710181118132,0.0021552422048107672
4.669152183103613,0.002046081350253513
4.715040790837199,0.0019424747409337371
4.761380393577404,0.0018441400597005984
4.808175423720546,0.001750809170429615
4.8554303572247095,0.0016622274464256528
4.903149714037859,0.0015781531118658626
4.951338058530193,0.001498356605959974
4.999999999930706,0.0014226199775429402
